   8.5833301e-03   4.3983258e-04
   6.0844220e-03  -4.6390405e-03
  -1.0310572e-02   6.1998550e-03
  -7.5619398e-04  -5.4928948e-03
   2.3607523e-03  -5.8438883e-03
  -1.1587109e-02   6.5941042e-03
  -4.7899231e-03  -6.0352982e-03
  -8.1273602e-04  -3.0594247e-03
   2.0023659e-03   1.1095126e-03
   2.9950767e-03   5.1700625e-03
   5.4390825e-01   2.3234357e-03
   5.6054186e-01  -5.7938824e-03
   5.5144227e-01  -5.4003623e-02
   5.4386365e-01  -1.4267816e-01
   5.4088135e-01  -2.4447614e-01
   5.4687304e-01  -3.4965589e-01
   5.5830696e-01  -4.4893227e-01
   5.5628571e-01  -5.5909337e-01
   5.6094594e-01  -6.5174846e-01
   5.5153272e-01  -7.4724784e-01
   5.5247941e-01  -8.3439536e-01
   5.4972335e-01  -9.2742499e-01
   5.6272175e-01  -9.9019059e-01
   5.5754906e-01  -1.0681407e+00
   5.4631944e-01  -1.1209140e+00
   5.5280104e-01  -1.1772793e+00
   5.4148427e-01  -1.2353387e+00
   5.4446903e-01  -1.2875688e+00
   5.4392822e-01  -1.3212794e+00
   5.4701318e-01  -1.3714872e+00
   5.4351803e-01  -1.4060768e+00
   5.5951775e-01  -1.4365458e+00
   5.3956042e-01  -1.4660978e+00
   5.4167672e-01  -1.4961340e+00
   5.4985277e-01  -1.5187703e+00
   5.3998171e-01  -1.5439165e+00
   5.5481122e-01  -1.5660328e+00
   5.5524654e-01  -1.5751323e+00
   5.5330329e-01  -1.5915989e+00
   5.5442223e-01  -1.6142330e+00
   5.4903568e-01  -1.6214053e+00
   5.5153759e-01  -1.6362252e+00
   5.6300245e-01  -1.6436797e+00
   5.4084554e-01  -1.6589900e+00
   5.4439294e-01  -1.6640216e+00
   5.6245113e-01  -1.6772173e+00
   5.4110873e-01  -1.6887227e+00
   5.4173412e-01  -1.6965096e+00
   5.6121402e-01  -1.6989362e+00
   5.5817767e-01  -1.7040798e+00
   5.6111061e-01  -1.7101836e+00
   5.6207822e-01  -1.7158049e+00
   5.4914718e-01  -1.7223797e+00
   5.4292319e-01  -1.7175463e+00
   5.3973129e-01  -1.7278905e+00
   5.5430159e-01  -1.7302297e+00
   5.5293198e-01  -1.7278417e+00
   5.4599458e-01  -1.7307127e+00
   5.6259716e-01  -1.7402710e+00
   5.5450027e-01  -1.7405643e+00
   5.4707014e-01  -1.7382222e+00
   5.6212474e-01  -1.7461708e+00
   5.5835024e-01  -1.7461872e+00
   5.5464382e-01  -1.7517192e+00
   5.4063257e-01  -1.7418018e+00
   5.6065026e-01  -1.7464288e+00
   5.5008492e-01  -1.7492516e+00
   5.5603220e-01  -1.7456557e+00
   5.4518221e-01  -1.7529912e+00
   5.6008864e-01  -1.7525630e+00
   5.6289131e-01  -1.7555733e+00
   5.5975921e-01  -1.7596723e+00
   5.5900908e-01  -1.7492035e+00
   5.3933421e-01  -1.7562549e+00
   5.4842412e-01  -1.7632930e+00
   5.4361041e-01  -1.7519949e+00
   5.4201064e-01  -1.7644254e+00
   5.5070064e-01  -1.7538557e+00
   5.5850242e-01  -1.7536716e+00
   6.3558881e-01  -1.7538259e+00
   6.3026051e-01  -1.7631539e+00
   6.2302095e-01  -1.7781307e+00
   6.4302116e-01  -1.8070401e+00
   6.2265965e-01  -1.8472972e+00
   6.3655108e-01  -1.8792919e+00
   6.3744164e-01  -1.9166732e+00
   6.2444841e-01  -1.9468997e+00
   6.3032434e-01  -1.9880113e+00
   6.2253199e-01  -2.0119759e+00
   6.3666163e-01  -2.0473168e+00
   6.3791860e-01  -2.0698847e+00
   6.4179251e-01  -2.1028000e+00
   6.3715424e-01  -2.1214991e+00
   6.2146754e-01  -2.1425090e+00
   6.3044997e-01  -2.1681945e+00
   6.2772317e-01  -2.1869134e+00
   6.2468436e-01  -2.2002501e+00
   6.2086250e-01  -2.2070260e+00
   6.3467842e-01  -2.2277476e+00
   6.3970934e-01  -2.2337989e+00
   6.2924100e-01  -2.2551668e+00
   6.4143966e-01  -2.2650019e+00
   6.2155348e-01  -2.2699348e+00
   6.2175977e-01  -2.2726769e+00
   6.3786496e-01  -2.2903996e+00
   6.4217696e-01  -2.2838175e+00
   6.3012328e-01  -2.2977608e+00
   6.2082434e-01  -2.2971533e+00
   6.3001541e-01  -2.3097115e+00
   6.2164184e-01  -2.3163947e+00
   6.2930701e-01  -2.3222425e+00
   6.2227824e-01  -2.3246826e+00
   6.2908109e-01  -2.3175464e+00
   6.2362202e-01  -2.3228961e+00
   6.3556580e-01  -2.3282214e+00
   6.2719058e-01  -2.3281110e+00
   6.3229051e-01  -2.3409517e+00
   6.2419758e-01  -2.3351798e+00
   6.2572297e-01  -2.3443976e+00
   6.4008261e-01  -2.3410297e+00
   6.3428711e-01  -2.3371220e+00
   6.4312186e-01  -2.3510570e+00
   6.4428430e-01  -2.3517050e+00
   6.3616880e-01  -2.3511780e+00
   6.2872414e-01  -2.3542801e+00
   6.4104014e-01  -2.3560120e+00
   6.3222298e-01  -2.3535615e+00
   6.3768451e-01  -2.3484001e+00
   6.4325202e-01  -2.3453833e+00
   6.3036908e-01  -2.3533654e+00
   6.3681523e-01  -2.3470270e+00
   6.2436520e-01  -2.3535376e+00
   6.2469358e-01  -2.3504989e+00
   6.4219495e-01  -2.3530595e+00
   6.3767268e-01  -2.3489806e+00
   6.4359463e-01  -2.3611103e+00
   6.4421070e-01  -2.3614578e+00
   6.3787363e-01  -2.3542069e+00
   6.2869827e-01  -2.3591646e+00
   6.2313564e-01  -2.3513959e+00
   6.2435162e-01  -2.3517691e+00
   6.3140892e-01  -2.3597325e+00
   6.3359786e-01  -2.3636869e+00
   6.3868629e-01  -2.3583180e+00
   6.2384668e-01  -2.3609708e+00
   6.2436950e-01  -2.3599952e+00
   6.2937596e-01  -2.3591562e+00
   6.3401776e-01  -2.3629176e+00
  -4.9864433e-01  -2.3518417e+00
  -5.0187752e-01  -2.3566369e+00
  -5.1259935e-01  -2.2453872e+00
  -4.9366607e-01  -2.0805119e+00
  -4.9266582e-01  -1.8763554e+00
  -5.0292352e-01  -1.6549660e+00
  -5.0021176e-01  -1.4397203e+00
  -5.0352927e-01  -1.2260316e+00
  -5.0967534e-01  -1.0209751e+00
  -4.9529007e-01  -8.2921365e-01
  -5.1364111e-01  -6.5543363e-01
  -4.9591457e-01  -4.8932119e-01
  -4.9725551e-01  -3.4061963e-01
  -4.9486289e-01  -2.0254254e-01
  -5.0495902e-01  -7.9753905e-02
  -4.9397768e-01   4.5982413e-02
  -5.1326082e-01   1.4713438e-01
  -4.9820951e-01   2.5199531e-01
  -5.1344964e-01   3.3313477e-01
  -4.9420752e-01   4.1561958e-01
  -5.1547201e-01   4.8740420e-01
  -4.9406495e-01   5.5617802e-01
  -5.0785054e-01   6.1654241e-01
  -4.9392782e-01   6.6705929e-01
  -4.9263851e-01   7.2301400e-01
  -5.1306432e-01   7.6048686e-01
  -5.0639961e-01   8.1068468e-01
  -5.1090507e-01   8.4820890e-01
  -5.1543849e-01   8.7835844e-01
  -4.9717510e-01   9.1338050e-01
  -5.1113610e-01   9.3405412e-01
  -4.9541365e-01   9.6141106e-01
  -5.1473263e-01   9.7971338e-01
  -5.1558732e-01   1.0067939e+00
  -5.0451320e-01   1.0283445e+00
  -4.9376995e-01   1.0379989e+00
  -5.0959794e-01   1.0617998e+00
  -5.0654395e-01   1.0761466e+00
  -4.9291916e-01   1.0798850e+00
  -5.1319791e-01   1.1042134e+00
  -5.0434644e-01   1.1025177e+00
  -5.0987662e-01   1.1198872e+00
  -4.9510695e-01   1.1323250e+00
  -5.1151090e-01   1.1376484e+00
  -4.9394516e-01   1.1464834e+00
  -4.9482790e-01   1.1516885e+00
  -5.1483583e-01   1.1566022e+00
  -5.0417362e-01   1.1641966e+00
  -5.1351286e-01   1.1604801e+00
  -4.9400575e-01   1.1734803e+00
  -5.1491886e-01   1.1719937e+00
  -4.9996111e-01   1.1790772e+00
  -4.9866465e-01   1.1862612e+00
  -5.0882578e-01   1.1875210e+00
  -5.1118675e-01   1.1935267e+00
  -5.0349417e-01   1.1920209e+00
  -4.9509885e-01   1.1894227e+00
  -4.9886817e-01   1.1970161e+00
  -4.9683240e-01   1.1957678e+00
  -4.9671605e-01   1.1950199e+00
  -4.9405279e-01   1.2053777e+00
  -4.9790209e-01   1.2040517e+00
  -5.1390860e-01   1.2006766e+00
  -5.0969351e-01   1.1999084e+00
  -5.0768981e-01   1.2029774e+00
  -5.1357179e-01   1.2052811e+00
  -5.0352974e-01   1.2145042e+00
  -4.9445185e-01   1.2065583e+00
  -5.0500389e-01   1.2052539e+00
   1.0130369e-01   1.2063531e+00
   1.1451762e-01   1.2089639e+00
   1.0705571e-01   1.1729246e+00
   9.9312204e-02   1.1019192e+00
   9.7876425e-02   1.0241019e+00
   9.7587425e-02   9.4019822e-01
   1.0192357e-01   8.4814847e-01
   1.0405708e-01   7.6499864e-01
   1.1510563e-01   6.9434147e-01
   1.1350935e-01   6.1306145e-01
   1.1568904e-01   5.4368238e-01
   9.4464964e-02   4.9016234e-01
   9.9749004e-02   4.3072758e-01
   1.0974007e-01   3.7270084e-01
   9.4930503e-02   3.2206356e-01
   9.7603381e-02   2.7896901e-01
   9.7244713e-02   2.3755150e-01
   1.0657631e-01   1.9247236e-01
   1.1258933e-01   1.6459923e-01
   1.1386402e-01   1.3792218e-01
   1.1252386e-01   1.0522495e-01
   1.1647277e-01   7.3577326e-02
   9.5699175e-02   5.4822648e-02
   9.3961901e-02   3.5369738e-02
   9.3436310e-02   1.7547353e-02
   9.7027502e-02  -1.3145274e-03
   1.0547188e-01  -2.4727708e-02
   9.9851860e-02  -4.1452039e-02
   9.7518869e-02  -4.7386866e-02
   1.1504996e-01  -6.3584113e-02
   9.8928334e-02  -6.8606411e-02
   1.1510654e-01  -8.2894050e-02
   1.1292491e-01  -9.3192866e-02
   1.1227821e-01  -9.6444909e-02
   9.7632539e-02  -1.0318467e-01
   1.0662387e-01  -1.1212915e-01
   9.5556547e-02  -1.2554892e-01
   1.1058076e-01  -1.2296786e-01
   1.0895368e-01  -1.3360894e-01
   9.6050073e-02  -1.4028034e-01
   9.5283024e-02  -1.3606908e-01
   1.0759950e-01  -1.4411382e-01
   1.0469907e-01  -1.5159670e-01
   1.0282774e-01  -1.4356111e-01
   1.0443139e-01  -1.5040609e-01
   9.7049787e-02  -1.6112027e-01
   1.1708463e-01  -1.5544686e-01
   9.7860639e-02  -1.6627325e-01
   9.8977382e-02  -1.5584019e-01
   1.0115476e-01  -1.6543705e-01
   9.6621547e-02  -1.6509064e-01
   9.4018314e-02  -1.6365340e-01
   9.6146600e-02  -1.6703027e-01
   9.8019150e-02  -1.7492263e-01
   1.0841012e-01  -1.6839500e-01
   1.0524119e-01  -1.7129458e-01
   1.0271534e-01  -1.7822354e-01
   1.0908409e-01  -1.8042163e-01
   1.0207420e-01  -1.6930609e-01
   1.1218231e-01  -1.7257335e-01
   1.0218529e-01  -1.8140145e-01
   1.1440166e-01  -1.7023914e-01
   9.9681816e-02  -1.7768771e-01
   1.1371806e-01  -1.7809827e-01
   1.0440802e-01  -1.7726039e-01
   1.0943303e-01  -1.7191337e-01
   1.0676952e-01  -1.7805704e-01
   9.8938536e-02  -1.8325065e-01
   1.1270707e-01  -1.7787636e-01
  -3.9173206e-01  -1.7886773e-01
  -3.9747295e-01  -1.8576027e-01
  -3.9494928e-01  -1.4828391e-01
  -3.7915119e-01  -1.0547886e-01
  -3.9712702e-01  -3.8570976e-02
  -3.9582960e-01   1.1371266e-02
  -3.9228926e-01   7.6906326e-02
  -3.7865958e-01   1.3824555e-01
  -3.9530021e-01   1.9443557e-01
  -3.9240357e-01   2.5579641e-01
  -3.7895552e-01   2.9552706e-01
  -3.7615337e-01   3.4966315e-01
  -3.9755296e-01   3.8750201e-01
  -3.9091618e-01   4.2957573e-01
  -3.8949313e-01   4.6084369e-01
  -3.7823454e-01   4.9138089e-01
  -3.9758295e-01   5.3165075e-01
  -3.9727816e-01   5.5218378e-01
  -3.7907861e-01   5.8123947e-01
  -3.8248402e-01   6.0641345e-01
  -3.9655245e-01   6.2511308e-01
  -3.9267462e-01   6.4412829e-01
  -3.9086809e-01   6.5996200e-01
  -3.8564017e-01   6.7691109e-01
  -3.8049525e-01   6.8615897e-01
  -3.9743964e-01   6.9418663e-01
  -3.9585853e-01   7.0960119e-01
  -3.8269797e-01   7.2054372e-01
  -3.9289556e-01   7.2949519e-01
  -3.9737571e-01   7.4033198e-01
  -3.8203326e-01   7.4463826e-01
  -3.9312904e-01   7.5677563e-01
  -3.8393583e-01   7.5475222e-01
  -3.8704696e-01   7.7294828e-01
  -3.7721068e-01   7.6662899e-01
  -3.8620320e-01   7.7404822e-01
  -3.8329790e-01   7.8274086e-01
  -3.8957393e-01   7.7921186e-01
  -3.9612879e-01   7.8862847e-01
  -3.7485760e-01   7.8717427e-01
  -3.9339687e-01   7.9347181e-01
  -3.9461094e-01   8.0536371e-01
  -3.9871659e-01   8.0189334e-01
  -3.8072348e-01   8.0847801e-01
  -3.7679000e-01   8.0262679e-01
  -3.9249528e-01   8.1184115e-01
  -3.7985145e-01   8.0609165e-01
  -3.7909102e-01   8.1745228e-01
  -3.8225893e-01   8.0799282e-01
  -3.9021618e-01   8.0980364e-01
  -3.9645014e-01   8.0825388e-01
  -3.7908669e-01   8.1533270e-01
  -3.9096158e-01   8.2081197e-01
  -3.8354038e-01   8.2265221e-01
  -3.8962110e-01   8.2330222e-01
  -3.9437472e-01   8.1741506e-01
  -3.9371414e-01   8.1747830e-01
  -3.7570538e-01   8.2284336e-01
  -3.8414231e-01   8.2594255e-01
  -3.9022835e-01   8.2620530e-01
  -3.9838813e-01   8.2826974e-01
  -3.7499260e-01   8.2032735e-01
  -3.7878712e-01   8.2085196e-01
  -3.9185737e-01   8.2483979e-01
  -3.8397610e-01   8.2651113e-01
  -3.7879821e-01   8.2562170e-01
  -3.9117075e-01   8.3018272e-01
  -3.8227027e-01   8.1950577e-01
  -3.9271666e-01   8.2580860e-01
  -7.3138239e-01   8.1797248e-01
  -7.5144454e-01   8.2819696e-01
  -7.3713654e-01   8.6522899e-01
  -7.3540497e-01   9.3997651e-01
  -7.3094127e-01   1.0197309e+00
  -7.4116221e-01   1.1098076e+00
  -7.4262507e-01   1.1888943e+00
  -7.4416471e-01   1.2807365e+00
  -7.3645824e-01   1.3604258e+00
  -7.4947729e-01   1.4403203e+00
  -7.2968422e-01   1.5012034e+00
  -7.5203439e-01   1.5679574e+00
  -7.3555479e-01   1.6311503e+00
  -7.4057513e-01   1.6904226e+00
  -7.3643829e-01   1.7345690e+00
  -7.3076586e-01   1.7796158e+00
  -7.2996674e-01   1.8282765e+00
  -7.4475480e-01   1.8680661e+00
  -7.4888956e-01   1.9040296e+00
  -7.4393083e-01   1.9360500e+00
  -7.4752913e-01   1.9533354e+00
  -7.2907328e-01   1.9926203e+00
  -7.3004293e-01   2.0119114e+00
  -7.3625260e-01   2.0328783e+00
  -7.5189588e-01   2.0530606e+00
  -7.4964311e-01   2.0640031e+00
  -7.4238210e-01   2.0825153e+00
  -7.4230592e-01   2.1006035e+00
  -7.5104592e-01   2.1163574e+00
  -7.2981364e-01   2.1266187e+00
  -7.4845299e-01   2.1356122e+00
  -7.4347593e-01   2.1508473e+00
  -7.4148837e-01   2.1558532e+00
  -7.3808987e-01   2.1700917e+00
  -7.4785303e-01   2.1754560e+00
  -7.3001846e-01   2.1830222e+00
  -7.3200378e-01   2.1854637e+00
  -7.4624645e-01   2.1894938e+00
  -7.3425601e-01   2.2042203e+00
  -7.5050674e-01   2.2065108e+00
  -7.4474129e-01   2.2071482e+00
  -7.2932646e-01   2.2185378e+00
  -7.4590623e-01   2.2185989e+00
  -7.4907277e-01   2.2233723e+00
  -7.3391971e-01   2.2148941e+00
  -7.3503551e-01   2.2306490e+00
  -7.3003407e-01   2.2270577e+00
  -7.4530426e-01   2.2314516e+00
  -7.4168971e-01   2.2240806e+00
  -7.3833858e-01   2.2372626e+00
  -7.3784137e-01   2.2301914e+00
  -7.2995007e-01   2.2392477e+00
  -7.4357321e-01   2.2322002e+00
  -7.3563760e-01   2.2362766e+00
  -7.5127260e-01   2.2378489e+00
  -7.4878611e-01   2.2410012e+00
  -7.4425210e-01   2.2480598e+00
  -7.3128263e-01   2.2473248e+00
  -7.4316413e-01   2.2480627e+00
  -7.3686293e-01   2.2383455e+00
  -7.3643538e-01   2.2472417e+00
  -7.4152604e-01   2.2393012e+00
  -7.4976240e-01   2.2398294e+00
  -7.3322894e-01   2.2459711e+00
  -7.4545820e-01   2.2447551e+00
  -7.3943286e-01   2.2522032e+00
  -7.4658827e-01   2.2544380e+00
  -7.3251227e-01   2.2468677e+00
  -7.3693325e-01   2.2481913e+00
   1.4972545e-01   2.2417072e+00
   1.5725126e-01   2.2461712e+00
   1.3667930e-01   2.1787181e+00
   1.3683179e-01   2.0470859e+00
   1.3512013e-01   1.9056321e+00
   1.3502079e-01   1.7572100e+00
   1.4631696e-01   1.6020106e+00
   1.4277205e-01   1.4546426e+00
   1.3516271e-01   1.3150968e+00
   1.5464279e-01   1.1855494e+00
   1.5113288e-01   1.0586245e+00
   1.4118905e-01   9.3645639e-01
   1.4362463e-01   8.3420192e-01
   1.5516251e-01   7.3978689e-01
   1.4032070e-01   6.4509671e-01
   1.3913024e-01   5.6610167e-01
   1.3861852e-01   4.8699105e-01
   1.5540501e-01   4.1559953e-01
   1.3564579e-01   3.6318957e-01
   1.3617353e-01   3.1089430e-01
   1.3500953e-01   2.4705912e-01
   1.5424118e-01   2.0398860e-01
   1.5447417e-01   1.6439191e-01
   1.4009100e-01   1.2228129e-01
   1.5200815e-01   8.6445052e-02
   1.5056937e-01   6.4574733e-02
   1.5106884e-01   2.3956473e-02
   1.4161071e-01   2.0488511e-03
   1.5757987e-01  -1.5306361e-02
   1.5351192e-01  -3.5908416e-02
   1.5494315e-01  -5.6227899e-02
   1.3556868e-01  -7.5698459e-02
   1.4567902e-01  -9.7760695e-02
   1.5661808e-01  -1.0958106e-01
   1.5770890e-01  -1.1891559e-01
   1.5466644e-01  -1.2973433e-01
   1.5137374e-01  -1.4775971e-01
   1.5208837e-01  -1.5099637e-01
   1.5146473e-01  -1.7067376e-01
   1.5205675e-01  -1.7141195e-01
   1.4904007e-01  -1.8034824e-01
   1.5229616e-01  -1.9436248e-01
   1.4751828e-01  -1.9505585e-01
   1.5703109e-01  -2.0769182e-01
   1.5012050e-01  -2.0055935e-01
   1.5700931e-01  -2.1099867e-01
   1.3823878e-01  -2.2218797e-01
   1.3528144e-01  -2.2122675e-01
   1.4467834e-01  -2.1666573e-01
   1.3419828e-01  -2.2434742e-01
   1.5640234e-01  -2.2965737e-01
   1.3878208e-01  -2.2794998e-01
   1.5083256e-01  -2.3195918e-01
   1.5381876e-01  -2.3743237e-01
   1.4467082e-01  -2.3701668e-01
   1.5740169e-01  -2.4279240e-01
   1.4144915e-01  -2.3554633e-01
   1.5710424e-01  -2.4793128e-01
   1.4534652e-01  -2.4853487e-01
   1.5452349e-01  -2.4168790e-01
   1.4799598e-01  -2.4224984e-01
   1.4141546e-01  -2.5550133e-01
   1.4821679e-01  -2.5167239e-01
   1.5414920e-01  -2.5022283e-01
   1.5590165e-01  -2.4828339e-01
   1.4336193e-01  -2.5656562e-01
   1.5550219e-01  -2.4564578e-01
   1.5657708e-01  -2.5477184e-01
   1.5153682e-01  -2.5063272e-01
  -2.8589352e-01  -2.6021320e-01
  -3.0082046e-01  -2.5248683e-01
  -2.9047162e-01  -2.2499574e-01
  -2.9514112e-01  -1.8804303e-01
  -2.9132866e-01  -1.4371264e-01
  -3.0175037e-01  -9.5886086e-02
  -2.9876114e-01  -3.7769679e-02
  -2.9589289e-01   5.9154379e-03
  -2.9624505e-01   5.3821678e-02
  -2.9213187e-01   1.0266581e-01
  -3.0170041e-01   1.4262220e-01
  -3.0472383e-01   1.8078039e-01
  -2.9525480e-01   2.2189186e-01
  -3.0227444e-01   2.5190284e-01
  -2.8490763e-01   2.7919673e-01
  -3.0212301e-01   3.0954827e-01
  -2.9958658e-01   3.3105536e-01
  -2.9633809e-01   3.4687770e-01
  -3.0787506e-01   3.7322988e-01
  -3.0497423e-01   3.8842357e-01
  -2.9918859e-01   4.0255034e-01
  -3.0778540e-01   4.2638887e-01
  -3.0708779e-01   4.3689644e-01
  -3.0748067e-01   4.4765436e-01
  -3.0176483e-01   4.6930567e-01
  -3.0281698e-01   4.6833241e-01
  -2.9870699e-01   4.8649619e-01
  -2.9803978e-01   4.9818800e-01
  -3.0506421e-01   4.9742740e-01
  -2.9654782e-01   5.1110268e-01
  -3.0608039e-01   5.0826619e-01
  -2.9675860e-01   5.1933533e-01
  -2.8432429e-01   5.2939129e-01
  -2.9943867e-01   5.3595980e-01
  -3.0717205e-01   5.3201575e-01
  -2.9607143e-01   5.3349610e-01
  -2.8794780e-01   5.3880129e-01
  -2.8856126e-01   5.4431253e-01
  -3.0338969e-01   5.4618363e-01
  -2.9008952e-01   5.5671767e-01
  -2.8707469e-01   5.5842063e-01
  -2.9659799e-01   5.6178165e-01
  -2.8527981e-01   5.5179490e-01
  -3.0455261e-01   5.5762599e-01
  -2.9682877e-01   5.6068042e-01
  -2.9027587e-01   5.5980088e-01
  -2.9125964e-01   5.6334393e-01
  -3.0661767e-01   5.6075637e-01
  -2.9535901e-01   5.6304994e-01
  -2.9335956e-01   5.6263602e-01
  -2.9969392e-01   5.6465242e-01
  -3.0175089e-01   5.7072845e-01
  -2.9304636e-01   5.7079844e-01
  -3.0119325e-01   5.7709711e-01
  -3.0454647e-01   5.7368699e-01
  -3.0529822e-01   5.7798198e-01
  -3.0115502e-01   5.7877194e-01
  -2.9715003e-01   5.7584142e-01
  -3.0117448e-01   5.7814867e-01
  -2.9466041e-01   5.8008943e-01
  -2.9684929e-01   5.7938014e-01
  -2.8515980e-01   5.8196440e-01
  -2.8955268e-01   5.7329379e-01
  -2.8522675e-01   5.7631695e-01
  -3.0182021e-01   5.7380259e-01
  -2.8589728e-01   5.7330937e-01
  -3.0480868e-01   5.7725929e-01
  -3.0146672e-01   5.7694306e-01
  -3.0351332e-01   5.7208452e-01
   7.9104403e-01   5.7496494e-01
   8.0167823e-01   5.8174767e-01
   8.0958628e-01   4.3864728e-01
   7.8989574e-01   2.1045467e-01
   8.0678614e-01  -5.1833262e-02
   8.0430406e-01  -3.3606274e-01
   7.9572111e-01  -6.2502159e-01
   7.9659744e-01  -8.9578110e-01
   7.9674858e-01  -1.1750566e+00
   8.0629678e-01  -1.4151686e+00
   8.0591711e-01  -1.6480069e+00
   8.0217418e-01  -1.8690939e+00
   7.9968021e-01  -2.0656506e+00
   8.0680179e-01  -2.2393096e+00
   7.9802510e-01  -2.4075641e+00
   8.0007146e-01  -2.5578923e+00
   8.0471464e-01  -2.7080179e+00
   7.9286919e-01  -2.8295210e+00
   8.0893673e-01  -2.9440465e+00
   8.0467691e-01  -3.0448627e+00
   7.8742734e-01  -3.1490241e+00
   7.8961966e-01  -3.2370042e+00
   8.0047517e-01  -3.3133652e+00
   7.9881491e-01  -3.3877787e+00
   7.8766544e-01  -3.4534874e+00
   7.9013391e-01  -3.5111923e+00
   7.9897288e-01  -3.5619398e+00
   8.1057296e-01  -3.6115559e+00
   8.0577243e-01  -3.6483860e+00
   7.9993843e-01  -3.6983967e+00
   7.8744344e-01  -3.7370340e+00
   7.9991837e-01  -3.7667089e+00
   8.0110710e-01  -3.7917723e+00
   8.0528676e-01  -3.8277747e+00
   8.0135614e-01  -3.8492564e+00
   8.0129169e-01  -3.8684777e+00
   7.8995933e-01  -3.8880476e+00
   8.0054333e-01  -3.9146291e+00
   7.8778431e-01  -3.9307945e+00
   8.0913716e-01  -3.9403274e+00
   8.0273105e-01  -3.9524551e+00
   8.0895353e-01  -3.9653837e+00
   8.0425814e-01  -3.9816563e+00
   7.9090275e-01  -3.9976839e+00
   7.9585546e-01  -4.0007620e+00
   7.9010903e-01  -4.0126393e+00
   7.9340443e-01  -4.0228113e+00
   8.1064127e-01  -4.0246266e+00
   7.9718356e-01  -4.0298047e+00
   8.0742988e-01  -4.0395086e+00
   8.0702848e-01  -4.0400294e+00
   8.0612399e-01  -4.0484900e+00
   7.9900639e-01  -4.0592919e+00
   8.0287583e-01  -4.0527875e+00
   8.0520993e-01  -4.0695150e+00
   8.0452961e-01  -4.0690146e+00
   7.9793361e-01  -4.0757483e+00
   8.0573374e-01  -4.0793340e+00
   7.8977962e-01  -4.0797182e+00
   7.9732485e-01  -4.0714728e+00
   8.0356756e-01  -4.0835557e+00
   7.9710909e-01  -4.0834800e+00
   7.8854628e-01  -4.0766728e+00
   7.8707630e-01  -4.0845285e+00
   7.8903766e-01  -4.0892823e+00
   7.9817100e-01  -4.0929976e+00
   8.0009587e-01  -4.0831829e+00
   8.0992788e-01  -4.0856404e+00
   8.0966367e-01  -4.0892336e+00
   8.9771946e-01  -4.0877193e+00
   9.0583782e-01  -4.0896357e+00
   8.8773383e-01  -4.1320035e+00
   8.9664493e-01  -4.2052499e+00
   9.0847880e-01  -4.2940322e+00
   9.0756601e-01  -4.3816564e+00
   8.9562165e-01  -4.4713293e+00
   8.9654171e-01  -4.5671147e+00
   8.9495940e-01  -4.6492512e+00
   9.1102896e-01  -4.7331907e+00
   9.0576623e-01  -4.7992138e+00
   8.9238745e-01  -4.8677926e+00
   8.8913366e-01  -4.9269492e+00
   9.0622745e-01  -4.9901383e+00
   8.9474284e-01  -5.0479956e+00
   9.0774153e-01  -5.0940443e+00
   9.0194034e-01  -5.1382432e+00
   9.1037480e-01  -5.1685360e+00
   9.0471641e-01  -5.2160687e+00
   8.8898786e-01  -5.2387339e+00
   8.9112014e-01  -5.2755585e+00
   9.0990262e-01  -5.2953717e+00
   9.0976326e-01  -5.3226563e+00
   9.1028421e-01  -5.3416702e+00
   9.0566505e-01  -5.3737747e+00
   8.8926127e-01  -5.3901121e+00
   9.0999119e-01  -5.4102462e+00
   8.9236752e-01  -5.4182715e+00
   9.0441135e-01  -5.4357045e+00
   8.9517750e-01  -5.4415512e+00
   9.0958784e-01  -5.4587231e+00
   8.9364385e-01  -5.4743998e+00
   9.0110416e-01  -5.4835561e+00
   8.9346982e-01  -5.4881235e+00
   9.0896919e-01  -5.5026785e+00
   9.0426821e-01  -5.4979041e+00
   8.9344992e-01  -5.5129140e+00
   8.9315055e-01  -5.5101048e+00
   9.0040159e-01  -5.5223821e+00
   9.0883868e-01  -5.5314410e+00
   8.9016717e-01  -5.5258222e+00
   9.0698305e-01  -5.5293516e+00
   9.0565010e-01  -5.5446348e+00
   8.9586048e-01  -5.5394148e+00
   8.9789897e-01  -5.5423607e+00
   9.0248251e-01  -5.5507567e+00
   9.0346527e-01  -5.5456904e+00
   8.8807484e-01  -5.5522421e+00
   8.9500392e-01  -5.5576172e+00
   9.0365224e-01  -5.5506408e+00
   8.9430441e-01  -5.5583736e+00
   8.9709246e-01  -5.5546758e+00
   8.8921102e-01  -5.5649276e+00
   8.9903162e-01  -5.5605325e+00
   9.1026459e-01  -5.5654325e+00
   9.0834504e-01  -5.5582771e+00
   9.0512658e-01  -5.5697843e+00
   8.9188696e-01  -5.5693818e+00
   8.9085200e-01  -5.5681996e+00
   8.9201081e-01  -5.5699959e+00
   8.9725029e-01  -5.5640856e+00
   8.9861334e-01  -5.5682984e+00
   8.9658001e-01  -5.5763806e+00
   9.0287885e-01  -5.5669073e+00
   8.9848899e-01  -5.5686773e+00
   8.8759265e-01  -5.5772092e+00
   8.9346986e-01  -5.5681575e+00
   8.9237794e-01  -5.5711629e+00
   8.9384001e-01  -5.5795541e+00
  -2.9235762e-01  -5.5779462e+00
  -2.9924260e-01  -5.5684465e+00
  -2.9303224e-01  -5.3896183e+00
  -2.8054994e-01  -5.1000401e+00
  -2.9646768e-01  -4.7425950e+00
  -2.7810660e-01  -4.3763724e+00
  -2.7897705e-01  -4.0027758e+00
  -2.7800205e-01  -3.6316842e+00
  -2.8308646e-01  -3.2838958e+00
  -2.9841161e-01  -2.9539070e+00
  -2.8127248e-01  -2.6478071e+00
  -2.9241414e-01  -2.3718473e+00
  -2.9059283e-01  -2.1011166e+00
  -2.7901528e-01  -1.8637125e+00
  -2.9062532e-01  -1.6572415e+00
  -2.8822155e-01  -1.4458192e+00
  -2.9105207e-01  -1.2756206e+00
  -2.8450675e-01  -1.1096184e+00
  -2.8047560e-01  -9.5412818e-01
  -2.8760988e-01  -8.1751318e-01
  -2.8572123e-01  -6.8759181e-01
  -2.9312431e-01  -5.7101200e-01
  -2.8941766e-01  -4.6645376e-01
  -2.9473679e-01  -3.8105361e-01
  -2.8401780e-01  -2.9564463e-01
  -2.8007351e-01  -2.1665615e-01
  -2.8041202e-01  -1.4893049e-01
  -2.9755397e-01  -8.1482153e-02
  -2.9976651e-01  -2.2436124e-02
  -2.9453627e-01   2.7442398e-02
  -2.9257593e-01   8.4509671e-02
  -2.8029043e-01   1.1950819e-01
  -2.8728582e-01   1.5941239e-01
  -2.8748902e-01   1.9811616e-01
  -3.0096537e-01   2.2995055e-01
  -2.9286802e-01   2.5999251e-01
  -2.9519403e-01   2.8521288e-01
  -2.9223910e-01   3.1089238e-01
  -2.8340992e-01   3.4359213e-01
  -2.9120472e-01   3.6428218e-01
  -2.9716612e-01   3.7951557e-01
  -2.9050691e-01   3.9777010e-01
  -2.9255106e-01   4.0557443e-01
  -2.8773362e-01   4.2501981e-01
  -3.0017667e-01   4.4154372e-01
  -2.9279655e-01   4.4444505e-01
  -2.8145565e-01   4.6026685e-01
  -2.8230396e-01   4.7135949e-01
  -2.8810671e-01   4.7391357e-01
  -2.8693995e-01   4.8615464e-01
  -2.8349435e-01   4.8757543e-01
  -2.8748040e-01   4.9935258e-01
  -2.9951327e-01   5.0732941e-01
  -2.9087580e-01   5.0835091e-01
  -2.8152043e-01   5.1606899e-01
  -3.0068463e-01   5.2080604e-01
  -2.9675643e-01   5.2458157e-01
  -2.8509399e-01   5.2809900e-01
  -2.8184134e-01   5.2661572e-01
  -2.8396645e-01   5.3516879e-01
  -2.9743400e-01   5.3978340e-01
  -2.8317341e-01   5.3534455e-01
  -2.9293725e-01   5.3869310e-01
  -2.9309491e-01   5.4273708e-01
  -2.9227688e-01   5.3919725e-01
  -2.9473125e-01   5.4970409e-01
  -2.8761558e-01   5.5479660e-01
  -2.7982536e-01   5.5200374e-01
  -2.8090473e-01   5.4674891e-01
  -2.9519963e-01   5.4923002e-01
  -3.0768491e-01   5.5269746e-01
  -2.9786717e-01   5.5730477e-01
  -3.0819017e-01   5.5356825e-01
  -3.0065453e-01   5.5144782e-01
  -2.9408442e-01   5.6242106e-01
  -2.8660920e-01   5.6327600e-01
  -2.9695307e-01   5.6450586e-01
  -2.9325191e-01   5.7122953e-01
  -3.0746800e-01   5.6816351e-01
  -2.8519020e-01   5.7122006e-01
  -3.0757057e-01   5.7338375e-01
  -3.0216105e-01   5.6422188e-01
  -3.0730018e-01   5.7297447e-01
  -3.0742667e-01   5.6687013e-01
  -2.9738625e-01   5.7320206e-01
  -2.8714053e-01   5.8020599e-01
  -2.9884095e-01   5.7977136e-01
  -2.9679011e-01   5.7226001e-01
  -3.0520455e-01   5.7852084e-01
  -3.0577596e-01   5.7587362e-01
  -2.9493895e-01   5.7419489e-01
  -2.8723478e-01   5.7998644e-01
  -2.8520487e-01   5.8352682e-01
  -3.0610917e-01   5.7480898e-01
  -2.8768141e-01   5.8116610e-01
  -3.0218608e-01   5.7310921e-01
  -2.8954816e-01   5.8275120e-01
  -3.0191958e-01   5.8436558e-01
  -2.9611341e-01   5.7470784e-01
  -2.9561135e-01   5.7250316e-01
  -3.0160789e-01   5.8291822e-01
  -2.9878251e-01   5.7880670e-01
  -2.9400221e-01   5.7702810e-01
  -3.0562411e-01   5.8547647e-01
  -2.8900302e-01   5.7328948e-01
  -2.9245440e-01   5.8489040e-01
  -2.8797565e-01   5.7441891e-01
  -2.9922802e-01   5.7822619e-01
  -3.0522471e-01   5.8514989e-01
  -2.9177005e-01   5.8638136e-01
  -2.9571897e-01   5.7423168e-01
  -3.0429114e-01   5.7889125e-01
  -2.9936133e-01   5.7798003e-01
  -2.9107611e-01   5.8256646e-01
  -3.0408560e-01   5.7888754e-01
  -3.0591699e-01   5.7903855e-01
  -3.0602708e-01   5.8366899e-01
  -2.9701915e-01   5.8171052e-01
  -2.9903653e-01   5.8426850e-01
  -3.0637279e-01   5.7884046e-01
  -2.9164516e-01   5.8046156e-01
  -3.0563246e-01   5.8775583e-01
  -3.0065940e-01   5.8696526e-01
  -2.9384506e-01   5.7726284e-01
  -2.8879030e-01   5.8007762e-01
  -3.0301297e-01   5.7937262e-01
  -2.9065100e-01   5.8068016e-01
  -2.9859243e-01   5.8295904e-01
  -3.0165475e-01   5.8536107e-01
  -2.8700831e-01   5.8576198e-01
  -2.9752390e-01   5.8514071e-01
  -3.0609818e-01   5.7778885e-01
  -2.9048672e-01   5.8721959e-01
  -2.9838784e-01   5.8429578e-01
  -2.8946554e-01   5.7927860e-01
  -2.9157393e-01   5.8670551e-01
  -2.9462585e-01   5.8149199e-01
  -2.8873738e-01   5.8294503e-01
  -1.8492247e-01   5.7908498e-01
  -1.8286818e-01   5.7798578e-01
  -1.9752230e-01   5.6775596e-01
  -1.9505549e-01   5.6491044e-01
  -2.0081631e-01   5.4471678e-01
  -1.9564586e-01   5.2974521e-01
  -1.9012402e-01   5.1831356e-01
  -1.9629903e-01   5.0312157e-01
  -1.9907455e-01   4.9710772e-01
  -1.9549124e-01   4.8355607e-01
  -1.8544098e-01   4.6748426e-01
  -1.9167293e-01   4.4807395e-01
  -2.0018738e-01   4.4390928e-01
  -2.0121961e-01   4.3596253e-01
  -1.8144072e-01   4.2486436e-01
  -2.0063121e-01   4.1942039e-01
  -1.8702060e-01   4.0679877e-01
  -1.8580342e-01   3.9998747e-01
  -1.9771422e-01   4.0398255e-01
  -1.8838153e-01   3.9542805e-01
  -1.8174656e-01   3.9611527e-01
  -1.9804541e-01   3.7873137e-01
  -1.8953025e-01   3.8564218e-01
  -1.7900748e-01   3.7644057e-01
  -1.9390843e-01   3.6739346e-01
  -1.8997006e-01   3.6385489e-01
  -1.8512605e-01   3.7106024e-01
  -1.7823286e-01   3.6726940e-01
  -1.9464799e-01   3.5863777e-01
  -1.7997942e-01   3.5448917e-01
  -1.8465530e-01   3.5936177e-01
  -1.7779802e-01   3.5348038e-01
  -1.8938326e-01   3.5072369e-01
  -1.8340295e-01   3.5552523e-01
  -1.9276241e-01   3.5706745e-01
  -1.9334950e-01   3.4713129e-01
  -1.9255348e-01   3.4977020e-01
  -1.7849808e-01   3.5200226e-01
  -1.7998474e-01   3.4410225e-01
  -1.9837652e-01   3.4533604e-01
  -1.9794975e-01   3.4285472e-01
  -1.9832519e-01   3.3989368e-01
  -1.7905284e-01   3.4989738e-01
  -2.0067489e-01   3.5128356e-01
  -1.8681776e-01   3.4926696e-01
  -1.9174268e-01   3.4435495e-01
  -1.8618596e-01   3.3967031e-01
  -1.9444100e-01   3.4494961e-01
  -1.9347121e-01   3.4710470e-01
  -1.9427816e-01   3.4253638e-01
  -1.8452148e-01   3.4932931e-01
  -1.8681901e-01   3.4907824e-01
  -1.8645913e-01   3.3986574e-01
  -1.8951227e-01   3.4876943e-01
  -1.8332960e-01   3.4194029e-01
  -1.7837802e-01   3.4518256e-01
  -1.7953310e-01   3.4845877e-01
  -1.7804201e-01   3.3628140e-01
  -1.7906588e-01   3.3577816e-01
  -1.7795076e-01   3.4265276e-01
  -1.9743373e-01   3.4102212e-01
  -1.8692552e-01   3.3654468e-01
  -1.8912585e-01   3.3439844e-01
  -1.8848989e-01   3.3939528e-01
  -1.7961375e-01   3.3702259e-01
  -1.8780701e-01   3.4733420e-01
  -1.8305006e-01   3.4248109e-01
  -1.8669146e-01   3.3431700e-01
  -1.8526409e-01   3.3958096e-01
   8.1296092e-01   3.4131660e-01
   8.1816809e-01   3.3475035e-01
   8.1677759e-01   1.9624036e-01
   8.2450871e-01  -3.1468050e-02
   8.1054614e-01  -3.0379486e-01
   8.2484251e-01  -5.7935950e-01
   8.2711170e-01  -8.7700912e-01
   8.2692832e-01  -1.1583864e+00
   8.1314717e-01  -1.4255218e+00
   8.3218651e-01  -1.6760090e+00
   8.2431730e-01  -1.9181540e+00
   8.1862422e-01  -2.1308068e+00
   8.2848517e-01  -2.3267661e+00
   8.2590213e-01  -2.5205190e+00
   8.2604170e-01  -2.6836315e+00
   8.1197519e-01  -2.8399724e+00
   8.1192549e-01  -2.9832156e+00
   8.1391721e-01  -3.1015460e+00
   8.1150612e-01  -3.2249488e+00
   8.1845297e-01  -3.3261927e+00
   8.1484431e-01  -3.4176790e+00
   8.2088177e-01  -3.5123704e+00
   8.2005284e-01  -3.5868317e+00
   8.1031465e-01  -3.6658850e+00
   8.2238588e-01  -3.7284178e+00
   8.1421977e-01  -3.7830924e+00
   8.1805270e-01  -3.8436350e+00
   8.2131210e-01  -3.8970579e+00
   8.1679005e-01  -3.9358598e+00
   8.2958396e-01  -3.9749889e+00
   8.2639287e-01  -4.0221204e+00
   8.1855387e-01  -4.0559408e+00
   8.1889372e-01  -4.0767244e+00
   8.1298453e-01  -4.1101855e+00
   8.0985896e-01  -4.1402811e+00
   8.2398069e-01  -4.1611314e+00
   8.3127074e-01  -4.1773309e+00
   8.1380417e-01  -4.1935814e+00
   8.1163870e-01  -4.2157830e+00
   8.2517065e-01  -4.2327783e+00
   8.2855075e-01  -4.2425064e+00
   8.2519806e-01  -4.2626461e+00
   8.2211201e-01  -4.2718047e+00
   8.1410089e-01  -4.2836549e+00
   8.1577485e-01  -4.2904429e+00
   8.2875995e-01  -4.2976119e+00
   8.2214147e-01  -4.3131866e+00
   8.2770575e-01  -4.3103020e+00
   8.1339062e-01  -4.3159574e+00
   8.1463626e-01  -4.3347664e+00
   8.1950804e-01  -4.3338817e+00
   8.3148091e-01  -4.3359627e+00
   8.1605513e-01  -4.3469461e+00
   8.1579188e-01  -4.3425324e+00
   8.2713959e-01  -4.3505994e+00
   8.2679063e-01  -4.3591741e+00
   8.1152367e-01  -4.3518979e+00
   8.1931498e-01  -4.3611333e+00
   8.1314057e-01  -4.3690624e+00
   8.0878095e-01  -4.3597603e+00
   8.2014555e-01  -4.3626538e+00
   8.2998434e-01  -4.3652430e+00
   8.1205062e-01  -4.3714385e+00
   8.1062632e-01  -4.3755607e+00
   8.2256996e-01  -4.3772271e+00
   8.1686262e-01  -4.3776918e+00
   8.2146249e-01  -4.3779447e+00
   8.2163033e-01  -4.3758362e+00
   8.0880854e-01  -4.3799138e+00
  -3.2723204e-02  -4.3774667e+00
  -4.1731687e-02  -4.3857687e+00
  -4.2611599e-02  -4.2478368e+00
  -3.4020017e-02  -4.0296754e+00
  -3.7006406e-02  -3.7774895e+00
  -3.1397397e-02  -3.5070135e+00
  -3.4620948e-02  -3.2458680e+00
  -3.0895894e-02  -2.9821001e+00
  -3.2783164e-02  -2.7191095e+00
  -4.5200529e-02  -2.4887624e+00
  -2.7113602e-02  -2.2601665e+00
  -3.1681563e-02  -2.0559058e+00
  -4.6088481e-02  -1.8740522e+00
  -3.4675205e-02  -1.7030163e+00
  -3.0482606e-02  -1.5462187e+00
  -3.2719675e-02  -1.4034507e+00
  -4.1630239e-02  -1.2622028e+00
  -2.9648605e-02  -1.1434930e+00
  -4.3633942e-02  -1.0415103e+00
  -4.0182478e-02  -9.4147533e-01
  -4.7987300e-02  -8.4383908e-01
  -4.1787420e-02  -7.5984566e-01
  -3.5396082e-02  -6.9255205e-01
  -3.7686785e-02  -6.2146659e-01
  -3.8021374e-02  -5.5132583e-01
  -3.8365418e-02  -5.0236972e-01
  -3.4130323e-02  -4.4796339e-01
  -2.7952202e-02  -3.9885939e-01
  -3.6718813e-02  -3.6393784e-01
  -2.9194283e-02  -3.2632285e-01
  -2.6490516e-02  -2.9365073e-01
  -2.5506309e-02  -2.6198838e-01
  -2.9708665e-02  -2.2175744e-01
  -4.8138274e-02  -1.9549529e-01
  -4.5078208e-02  -1.7745263e-01
  -2.6380830e-02  -1.5255696e-01
  -3.0569292e-02  -1.3212497e-01
  -3.6283445e-02  -1.1592140e-01
  -3.3116629e-02  -9.5833960e-02
  -3.9941050e-02  -9.2168689e-02
  -2.9954413e-02  -7.4574272e-02
  -3.8747558e-02  -6.3499649e-02
  -2.5359592e-02  -4.2573066e-02
  -4.4462613e-02  -3.3397297e-02
  -4.6964332e-02  -2.9329719e-02
  -4.2468292e-02  -2.5858896e-02
  -3.4927616e-02  -1.2206215e-02
  -3.0522172e-02  -5.2281860e-03
  -3.9110490e-02   1.5088076e-03
  -2.9691833e-02   1.0410667e-02
  -4.7532316e-02   1.5921737e-02
  -3.7662161e-02   1.7907537e-02
  -4.7075699e-02   2.4890164e-02
  -3.1480981e-02   2.8465336e-02
  -4.1224744e-02   3.3410805e-02
  -3.7081047e-02   2.5755352e-02
  -2.6952114e-02   2.7895138e-02
  -3.3889616e-02   3.6456741e-02
  -3.5805911e-02   3.6833214e-02
  -2.6432607e-02   3.9317564e-02
  -4.0650933e-02   4.4045656e-02
  -2.5120699e-02   4.5206916e-02
  -2.6652777e-02   4.0507653e-02
  -2.5929523e-02   5.0789811e-02
  -3.7689978e-02   4.9014149e-02
  -4.3825193e-02   4.8037618e-02
  -3.7767506e-02   5.2927281e-02
  -3.4209143e-02   5.2307046e-02
  -3.2988793e-02   5.3648180e-02
  -5.3107651e-01   5.3569486e-02
  -5.3197323e-01   5.5317083e-02
  -5.3398489e-01   9.3732305e-02
  -5.2850850e-01   1.5943504e-01
  -5.2794211e-01   2.3402998e-01
  -5.2265415e-01   3.0782311e-01
  -5.3777465e-01   3.8637815e-01
  -5.3587441e-01   4.5558988e-01
  -5.4022819e-01   5.3800451e-01
  -5.3964645e-01   6.0454197e-01
  -5.3997266e-01   6.6948921e-01
  -5.4081208e-01   7.2065831e-01
  -5.3479204e-01   7.7589499e-01
  -5.2277195e-01   8.2954680e-01
  -5.3337266e-01   8.6851094e-01
  -5.3628697e-01   9.1597669e-01
  -5.3548346e-01   9.5223690e-01
  -5.2597365e-01   9.8018041e-01
  -5.3101698e-01   1.0111688e+00
  -5.2877981e-01   1.0406241e+00
  -5.3869816e-01   1.0657987e+00
  -5.2765747e-01   1.0952797e+00
  -5.3095931e-01   1.1175950e+00
  -5.3984425e-01   1.1338271e+00
  -5.3162582e-01   1.1497460e+00
  -5.3038178e-01   1.1686506e+00
  -5.2645910e-01   1.1797535e+00
  -5.2792555e-01   1.1960302e+00
  -5.2369999e-01   1.2128077e+00
  -5.2475599e-01   1.2162096e+00
  -5.2780818e-01   1.2282699e+00
  -5.3016464e-01   1.2396037e+00
  -5.2820796e-01   1.2463480e+00
  -5.3379760e-01   1.2579803e+00
  -5.3239454e-01   1.2612211e+00
  -5.3679199e-01   1.2721086e+00
  -5.3952308e-01   1.2691209e+00
  -5.3624739e-01   1.2803925e+00
  -5.3536291e-01   1.2758041e+00
  -5.3127999e-01   1.2827031e+00
  -5.3292322e-01   1.2844705e+00
  -5.4452563e-01   1.2962005e+00
  -5.3451199e-01   1.3022833e+00
  -5.4445536e-01   1.2956377e+00
  -5.2419293e-01   1.3089444e+00
  -5.4170116e-01   1.3105844e+00
  -5.2466372e-01   1.3125252e+00
  -5.4055193e-01   1.3080825e+00
  -5.3111703e-01   1.3139573e+00
  -5.4316472e-01   1.3102710e+00
  -5.4129358e-01   1.3130729e+00
  -5.3991785e-01   1.3098633e+00
  -5.3766224e-01   1.3119966e+00
  -5.2502304e-01   1.3154260e+00
  -5.3411906e-01   1.3234179e+00
  -5.4573948e-01   1.3268303e+00
  -5.2810662e-01   1.3227574e+00
  -5.3140518e-01   1.3242816e+00
  -5.3357927e-01   1.3295687e+00
  -5.3270144e-01   1.3181779e+00
  -5.3071496e-01   1.3238763e+00
  -5.2744316e-01   1.3311208e+00
  -5.4559192e-01   1.3302718e+00
  -5.3158043e-01   1.3276699e+00
  -5.2389445e-01   1.3272074e+00
  -5.4298114e-01   1.3318593e+00
  -5.2938330e-01   1.3331778e+00
  -5.2660256e-01   1.3335528e+00
  -5.2656168e-01   1.3245313e+00
   7.8773948e-01   1.3293397e+00
   7.9302075e-01   1.3325689e+00
   8.0766114e-01   1.1616415e+00
   8.0744362e-01   9.0980926e-01
   7.9419281e-01   5.8873418e-01
   7.9963298e-01   2.6636050e-01
   7.9783363e-01  -6.7980633e-02
   7.9037405e-01  -3.8580533e-01
   8.0284754e-01  -7.0011139e-01
   7.9850542e-01  -9.8763012e-01
   7.9341999e-01  -1.2563466e+00
   7.8796785e-01  -1.5078780e+00
   7.9416748e-01  -1.7370718e+00
   7.8845595e-01  -1.9562769e+00
   8.0486993e-01  -2.1430604e+00
   7.9925033e-01  -2.3232130e+00
   8.0396281e-01  -2.4804074e+00
   8.0650266e-01  -2.6305952e+00
   8.0119124e-01  -2.7675475e+00
   8.0031272e-01  -2.8906369e+00
   7.9846670e-01  -2.9954182e+00
   7.9286715e-01  -3.0905907e+00
   8.0464390e-01  -3.1918208e+00
   7.8816200e-01  -3.2731832e+00
   7.9944418e-01  -3.3470424e+00
   7.9706018e-01  -3.4188982e+00
   8.0856585e-01  -3.4740863e+00
   8.1048099e-01  -3.5297063e+00
   7.9660120e-01  -3.5806029e+00
   8.0147857e-01  -3.6414305e+00
   8.0446989e-01  -3.6774745e+00
   7.9231655e-01  -3.7132858e+00
   7.9851425e-01  -3.7560653e+00
   7.9736147e-01  -3.7908684e+00
   8.0012673e-01  -3.8180250e+00
   7.9383955e-01  -3.8364889e+00
   8.0817833e-01  -3.8670249e+00
   8.0220233e-01  -3.8921254e+00
   8.0854243e-01  -3.9103764e+00
   7.9080427e-01  -3.9220239e+00
   7.9562910e-01  -3.9448189e+00
   7.9677648e-01  -3.9619739e+00
   7.8931285e-01  -3.9624245e+00
   8.0677091e-01  -3.9796098e+00
   7.8878541e-01  -3.9994191e+00
   8.0908668e-01  -3.9963310e+00
   8.0016403e-01  -4.0171710e+00
   7.9078607e-01  -4.0250031e+00
   8.0263080e-01  -4.0247282e+00
   8.0694731e-01  -4.0347890e+00
   8.0096937e-01  -4.0398685e+00
   7.9498379e-01  -4.0463538e+00
   7.9130968e-01  -4.0548686e+00
   7.9237122e-01  -4.0605896e+00
   7.9870429e-01  -4.0589748e+00
   7.8939109e-01  -4.0596697e+00
   7.8829117e-01  -4.0717749e+00
   7.9946067e-01  -4.0663375e+00
   7.8930413e-01  -4.0797652e+00
   7.9670653e-01  -4.0758288e+00
   8.0587164e-01  -4.0877971e+00
   8.0120947e-01  -4.0864779e+00
   7.8740024e-01  -4.0831839e+00
   7.9684126e-01  -4.0901352e+00
   7.9181927e-01  -4.0942188e+00
   7.9269130e-01  -4.0849262e+00
   8.0878791e-01  -4.0863730e+00
   8.0159461e-01  -4.0884928e+00
   7.9522301e-01  -4.0941673e+00
   4.1833165e-01  -4.1013679e+00
   4.1501086e-01  -4.0944389e+00
   4.0652025e-01  -4.0017334e+00
   4.2537885e-01  -3.8579321e+00
   4.1716807e-01  -3.6869072e+00
   4.0782746e-01  -3.4970273e+00
   4.2023015e-01  -3.3200623e+00
   4.0429255e-01  -3.1363923e+00
   4.0754495e-01  -2.9605938e+00
   4.2490697e-01  -2.8010336e+00
   4.0797789e-01  -2.6388966e+00
   4.2012079e-01  -2.5042321e+00
   4.1297444e-01  -2.3732488e+00
   4.1014876e-01  -2.2569043e+00
   4.2368834e-01  -2.1452680e+00
   4.1063545e-01  -2.0525428e+00
   4.1031237e-01  -1.9626559e+00
   4.1962750e-01  -1.8676028e+00
   4.1116544e-01  -1.8037390e+00
   4.1501471e-01  -1.7354629e+00
   4.2204694e-01  -1.6677771e+00
   4.1066569e-01  -1.6126111e+00
   4.2597711e-01  -1.5632327e+00
   4.0746342e-01  -1.5089308e+00
   4.0922746e-01  -1.4665883e+00
   4.1248127e-01  -1.4248017e+00
   4.2457786e-01  -1.3965198e+00
   4.0410879e-01  -1.3631236e+00
   4.1885677e-01  -1.3311212e+00
   4.1435031e-01  -1.3057228e+00
   4.1924628e-01  -1.2790936e+00
   4.1162197e-01  -1.2678899e+00
   4.1587560e-01  -1.2368327e+00
   4.2577841e-01  -1.2309046e+00
   4.0470857e-01  -1.2080361e+00
   4.2234551e-01  -1.1919205e+00
   4.2398782e-01  -1.1807113e+00
   4.0904969e-01  -1.1664216e+00
   4.1023548e-01  -1.1618974e+00
   4.2105255e-01  -1.1508924e+00
   4.0741088e-01  -1.1333133e+00
   4.1730296e-01  -1.1279341e+00
   4.1000480e-01  -1.1193731e+00
   4.2254435e-01  -1.1168112e+00
   4.2668012e-01  -1.1017972e+00
   4.2173561e-01  -1.1026751e+00
   4.2529007e-01  -1.0913855e+00
   4.1363912e-01  -1.0915274e+00
   4.2437420e-01  -1.0913835e+00
   4.2532064e-01  -1.0811246e+00
   4.1555253e-01  -1.0769395e+00
   4.2452019e-01  -1.0758273e+00
   4.2526435e-01  -1.0745335e+00
   4.0740006e-01  -1.0720520e+00
   4.2210289e-01  -1.0642589e+00
   4.1679380e-01  -1.0613198e+00
   4.0726193e-01  -1.0617349e+00
   4.0910890e-01  -1.0640085e+00
   4.2369058e-01  -1.0661508e+00
   4.2477145e-01  -1.0615237e+00
   4.1715966e-01  -1.0584031e+00
   4.0541437e-01  -1.0591568e+00
   4.2278354e-01  -1.0521666e+00
   4.1385288e-01  -1.0573389e+00
   4.0408755e-01  -1.0569054e+00
   4.0779520e-01  -1.0481153e+00
   4.0733632e-01  -1.0535568e+00
   4.2612823e-01  -1.0573997e+00
   4.2080878e-01  -1.0512660e+00
  -9.3111889e-01  -1.0501946e+00
  -9.1466714e-01  -1.0441991e+00
  -9.2024839e-01  -9.1323900e-01
  -9.3802082e-01  -7.0727662e-01
  -9.1499578e-01  -4.6475290e-01
  -9.2656144e-01  -2.0713105e-01
  -9.1703237e-01   6.3890012e-02
  -9.2154191e-01   3.1612702e-01
  -9.2144229e-01   5.6662102e-01
  -9.2663780e-01   7.9411431e-01
  -9.1900857e-01   1.0177140e+00
  -9.2774757e-01   1.2183177e+00
  -9.3852583e-01   1.4034807e+00
  -9.2125445e-01   1.5621989e+00
  -9.1971613e-01   1.7124306e+00
  -9.2047302e-01   1.8553095e+00
  -9.1758387e-01   1.9842166e+00
  -9.2505985e-01   2.1100513e+00
  -9.2076974e-01   2.2155333e+00
  -9.3130569e-01   2.3053175e+00
  -9.1670899e-01   2.3940599e+00
  -9.3425738e-01   2.4771538e+00
  -9.1951594e-01   2.5470352e+00
  -9.2066237e-01   2.6170500e+00
  -9.2517737e-01   2.6773184e+00
  -9.1934720e-01   2.7284179e+00
  -9.2563961e-01   2.7789955e+00
  -9.1858110e-01   2.8267583e+00
  -9.2990507e-01   2.8707332e+00
  -9.2971701e-01   2.9007990e+00
  -9.3287736e-01   2.9455734e+00
  -9.3055377e-01   2.9687030e+00
  -9.1954920e-01   2.9986709e+00
  -9.2048609e-01   3.0198661e+00
  -9.3127567e-01   3.0410749e+00
  -9.3019515e-01   3.0747851e+00
  -9.3681945e-01   3.0879619e+00
  -9.2744499e-01   3.1007630e+00
  -9.3289179e-01   3.1246404e+00
  -9.1515555e-01   3.1343986e+00
  -9.3324446e-01   3.1424865e+00
  -9.2614014e-01   3.1609545e+00
  -9.1525043e-01   3.1697500e+00
  -9.3091863e-01   3.1777171e+00
  -9.3775492e-01   3.1926095e+00
  -9.2769753e-01   3.2002418e+00
  -9.2530025e-01   3.2027153e+00
  -9.3652743e-01   3.2146586e+00
  -9.2511228e-01   3.2205892e+00
  -9.2058178e-01   3.2301260e+00
  -9.1901447e-01   3.2354649e+00
  -9.3476853e-01   3.2300090e+00
  -9.1798492e-01   3.2345419e+00
  -9.2579971e-01   3.2481414e+00
  -9.1582534e-01   3.2493027e+00
  -9.3392963e-01   3.2427133e+00
  -9.2072190e-01   3.2470825e+00
  -9.2882354e-01   3.2555246e+00
  -9.3451142e-01   3.2564422e+00
  -9.1979607e-01   3.2581309e+00
  -9.3586837e-01   3.2588890e+00
  -9.2059582e-01   3.2607756e+00
  -9.3404448e-01   3.2671292e+00
  -9.1708177e-01   3.2646207e+00
  -9.2670979e-01   3.2611691e+00
  -9.2347826e-01   3.2699386e+00
  -9.3221390e-01   3.2712415e+00
  -9.2565150e-01   3.2732238e+00
  -9.2399250e-01   3.2651051e+00
   3.0882064e-01   3.2671682e+00
   3.2031050e-01   3.2743220e+00
   3.2750727e-01   3.1471035e+00
   3.1942305e-01   2.9675395e+00
   3.1363695e-01   2.7382291e+00
   3.2844710e-01   2.4968678e+00
   3.1885107e-01   2.2612659e+00
   3.1044288e-01   2.0236819e+00
   3.1820128e-01   1.7927744e+00
   3.1762133e-01   1.5897008e+00
   3.2474031e-01   1.3884633e+00
   3.2647596e-01   1.2103758e+00
   3.0667964e-01   1.0470655e+00
   3.1384255e-01   8.8851886e-01
   3.1351834e-01   7.4152650e-01
   3.1787867e-01   6.1469757e-01
   3.1394130e-01   5.0353408e-01
   3.2305985e-01   3.8693767e-01
   3.2407040e-01   2.9083820e-01
   3.1526768e-01   2.0896178e-01
   3.2162534e-01   1.3114560e-01
   3.1702412e-01   5.1328419e-02
   3.2117242e-01  -9.0339630e-03
   3.2889826e-01  -7.7954539e-02
   3.0854638e-01  -1.3076588e-01
   3.1491078e-01  -1.7570465e-01
   3.0965208e-01  -2.2374222e-01
   3.1211431e-01  -2.6215981e-01
   3.2405847e-01  -3.0459670e-01
   3.0668428e-01  -3.3368671e-01
   3.1806512e-01  -3.6798640e-01
   3.1919925e-01  -3.9512024e-01
   3.0837580e-01  -4.2235476e-01
   3.0886232e-01  -4.4409106e-01
   3.2566078e-01  -4.7408176e-01
   3.1193372e-01  -4.8748238e-01
   3.0998186e-01  -5.0671615e-01
   3.2438070e-01  -5.2708107e-01
   3.0619860e-01  -5.3879288e-01
   3.2388425e-01  -5.5088915e-01
   3.2574116e-01  -5.6567155e-01
   3.2746269e-01  -5.7784891e-01
   3.2334585e-01  -5.8790616e-01
   3.0831699e-01  -5.9351866e-01
   3.1165347e-01  -6.0625197e-01
   3.2241941e-01  -6.0630817e-01
   3.2296420e-01  -6.1861682e-01
   3.2004713e-01  -6.2477727e-01
   3.1873460e-01  -6.3050797e-01
   3.1134087e-01  -6.2796518e-01
   3.2660427e-01  -6.3794400e-01
   3.2599769e-01  -6.4081221e-01
   3.1957363e-01  -6.4855551e-01
   3.0807817e-01  -6.4212874e-01
   3.1065548e-01  -6.5658187e-01
   3.1068415e-01  -6.5540260e-01
   3.2419916e-01  -6.5127934e-01
   3.1052946e-01  -6.5884584e-01
   3.1867306e-01  -6.6064591e-01
   3.2850524e-01  -6.6035405e-01
   3.2590058e-01  -6.5846724e-01
   3.1805381e-01  -6.6771683e-01
   3.1798554e-01  -6.7253574e-01
   3.0774376e-01  -6.6417936e-01
   3.2082648e-01  -6.6531489e-01
   3.1777119e-01  -6.6603392e-01
   3.0977124e-01  -6.6999934e-01
   3.0866396e-01  -6.7306979e-01
   3.2825197e-01  -6.7229809e-01
  -1.0989353e-01  -6.7426372e-01
  -1.2137024e-01  -6.7845695e-01
  -1.2473782e-01  -6.4725954e-01
  -1.1619713e-01  -6.0880183e-01
  -1.2369378e-01  -5.6001277e-01
  -1.2689927e-01  -5.0021455e-01
  -1.0888526e-01  -4.5049604e-01
  -1.0963495e-01  -3.9389121e-01
  -1.1559974e-01  -3.4192669e-01
  -1.1029277e-01  -3.0181138e-01
  -1.1683527e-01  -2.5454360e-01
  -1.1102498e-01  -2.1743657e-01
  -1.2869049e-01  -1.8358970e-01
  -1.3008499e-01  -1.3987372e-01
  -1.1796112e-01  -1.1150621e-01
  -1.2888927e-01  -8.5088271e-02
  -1.1006645e-01  -5.1028625e-02
  -1.1356683e-01  -3.4820410e-02
  -1.2155883e-01  -9.3562840e-03
  -1.1192476e-01   6.9033930e-03
  -1.2074794e-01   3.0856297e-02
  -1.1214513e-01   3.7809107e-02
  -1.2159910e-01   5.8232307e-02
  -1.1396040e-01   6.3866004e-02
  -1.1463954e-01   8.8253407e-02
  -1.2996360e-01   9.4111477e-02
  -1.2898227e-01   1.0842112e-01
  -1.2161610e-01   1.1585918e-01
  -1.0839541e-01   1.2273704e-01
  -1.2945299e-01   1.2264256e-01
  -1.3073702e-01   1.3755077e-01
  -1.2468854e-01   1.4292765e-01
  -1.1179535e-01   1.4926134e-01
  -1.2374645e-01   1.5948516e-01
  -1.1798660e-01   1.5302344e-01
  -1.2909095e-01   1.6930267e-01
  -1.2198242e-01   1.6480891e-01
  -1.1626561e-01   1.6542416e-01
  -1.2578072e-01   1.7443644e-01
  -1.2823474e-01   1.7998588e-01
  -1.1621634e-01   1.7241484e-01
  -1.2294045e-01   1.8508584e-01
  -1.1579075e-01   1.7820350e-01
  -1.2899896e-01   1.8266848e-01
  -1.2558332e-01   1.9317247e-01
  -1.2028451e-01   1.8672984e-01
  -1.2446813e-01   1.8371387e-01
  -1.1663346e-01   1.9631066e-01
  -1.0917374e-01   1.8788670e-01
  -1.1138711e-01   1.9701324e-01
  -1.1102048e-01   2.0031298e-01
  -1.1487599e-01   1.9540497e-01
  -1.0986495e-01   1.9345662e-01
  -1.1044250e-01   1.9229413e-01
  -1.3108002e-01   2.0030017e-01
  -1.1111290e-01   1.9221917e-01
  -1.1799582e-01   1.9448684e-01
  -1.2717851e-01   2.0626822e-01
  -1.2087029e-01   2.0768550e-01
  -1.0796487e-01   2.0241321e-01
  -1.2856997e-01   2.0406772e-01
  -1.3018404e-01   1.9757340e-01
  -1.1649422e-01   2.0802314e-01
  -1.2492483e-01   2.0351499e-01
  -1.3095150e-01   1.9720678e-01
  -1.1126971e-01   2.0864266e-01
  -1.3013701e-01   2.0406625e-01
  -1.2405491e-01   2.0871762e-01
  -1.1275260e-01   2.0407816e-01
  -4.4654303e-01   2.0743093e-01
  -4.5065777e-01   1.9937133e-01
  -4.5569416e-01   2.2525953e-01
  -4.4521405e-01   2.6465478e-01
  -4.4064841e-01   3.1556926e-01
  -4.5208110e-01   3.5765833e-01
  -4.4710230e-01   4.1872915e-01
  -4.3628779e-01   4.5788407e-01
  -4.4416975e-01   5.0705180e-01
  -4.4853409e-01   5.5142075e-01
  -4.5651281e-01   5.9482659e-01
  -4.3561432e-01   6.3114683e-01
  -4.3618749e-01   6.6030441e-01
  -4.4350056e-01   6.9817874e-01
  -4.5178591e-01   7.2330689e-01
  -4.3879550e-01   7.4411367e-01
  -4.4447032e-01   7.7305496e-01
  -4.3884870e-01   8.0154264e-01
  -4.4315207e-01   8.0989139e-01
  -4.4612491e-01   8.3700698e-01
  -4.4677793e-01   8.5001663e-01
  -4.5033508e-01   8.6464901e-01
  -4.5926247e-01   8.7677182e-01
  -4.4411300e-01   8.9205907e-01
  -4.5816490e-01   9.0669029e-01
  -4.4300188e-01   9.1386646e-01
  -4.5283446e-01   9.2916713e-01
  -4.4406446e-01   9.2728571e-01
  -4.5259692e-01   9.4271396e-01
  -4.4507773e-01   9.4860659e-01
  -4.3600938e-01   9.5171192e-01
  -4.5892042e-01   9.6417023e-01
  -4.4308350e-01   9.6442318e-01
  -4.5917180e-01   9.6890569e-01
  -4.3860105e-01   9.7074628e-01
  -4.5606128e-01   9.8001380e-01
  -4.4604620e-01   9.8077109e-01
  -4.5849945e-01   9.8977204e-01
  -4.3728603e-01   9.8547256e-01
  -4.5794127e-01   9.8404368e-01
  -4.5586743e-01   9.9567840e-01
  -4.5341812e-01   9.9934981e-01
  -4.5649756e-01   9.9809523e-01
  -4.4978738e-01   9.9772640e-01
  -4.4427097e-01   1.0030426e+00
  -4.4229928e-01   1.0080502e+00
  -4.4360708e-01   1.0043704e+00
  -4.5698722e-01   9.9897617e-01
  -4.4159689e-01   1.0093778e+00
  -4.5197650e-01   1.0089737e+00
  -4.5569157e-01   1.0132573e+00
  -4.5814862e-01   1.0053609e+00
  -4.4810305e-01   1.0113780e+00
  -4.4691185e-01   1.0135072e+00
  -4.5835085e-01   1.0168757e+00
  -4.3690754e-01   1.0150888e+00
  -4.4793298e-01   1.0060782e+00
  -4.4456920e-01   1.0094508e+00
  -4.4420598e-01   1.0099240e+00
  -4.5637757e-01   1.0108277e+00
  -4.4940288e-01   1.0133737e+00
  -4.4924890e-01   1.0100327e+00
  -4.4092734e-01   1.0148469e+00
  -4.5313150e-01   1.0095600e+00
  -4.3679232e-01   1.0208942e+00
  -4.5650079e-01   1.0166110e+00
  -4.5398450e-01   1.0209533e+00
  -4.5059828e-01   1.0085802e+00
  -4.4717794e-01   1.0091099e+00
  -3.0654620e-02   1.0137864e+00
  -2.4280603e-02   1.0179972e+00
  -2.4189734e-02   9.8759158e-01
  -3.0173319e-02   9.4520676e-01
  -3.5231123e-02   8.8640642e-01
  -3.4183353e-02   8.2005209e-01
  -2.1195502e-02   7.6466061e-01
  -1.8214854e-02   7.1359152e-01
  -3.7082518e-02   6.4918291e-01
  -3.2098499e-02   6.0117517e-01
  -2.3293621e-02   5.4989279e-01
  -3.8744117e-02   5.0717055e-01
  -2.4151376e-02   4.6948362e-01
  -3.8095696e-02   4.2505532e-01
  -4.0785040e-02   3.9815946e-01
  -2.8717010e-02   3.6788181e-01
  -1.8990207e-02   3.3486112e-01
  -3.1530802e-02   3.0995238e-01
  -3.6022630e-02   2.8516015e-01
  -4.0052233e-02   2.6059088e-01
  -2.4362649e-02   2.4174642e-01
  -3.0396188e-02   2.3128587e-01
  -4.0384066e-02   2.1737792e-01
  -1.8119671e-02   2.0325694e-01
  -2.9606278e-02   1.7763350e-01
  -3.5306613e-02   1.7731061e-01
  -3.3700851e-02   1.6516263e-01
  -2.1519987e-02   1.5491587e-01
  -3.2260691e-02   1.4633101e-01
  -2.4851681e-02   1.3014518e-01
  -3.0197270e-02   1.2366014e-01
  -2.2314422e-02   1.2419803e-01
  -2.0149195e-02   1.1045869e-01
  -4.0481026e-02   1.1184001e-01
  -2.8127246e-02   1.0486825e-01
  -2.4681166e-02   9.0489143e-02
  -2.4585790e-02   8.7206944e-02
  -3.4815041e-02   9.4250723e-02
  -2.4052171e-02   8.5591500e-02
  -1.8580430e-02   7.8465821e-02
  -2.9590534e-02   8.0948893e-02
  -2.9417497e-02   7.3817624e-02
  -2.4599948e-02   7.4340904e-02
  -1.8814767e-02   7.5277411e-02
  -2.9945701e-02   6.6816933e-02
  -2.3894936e-02   6.0016898e-02
  -2.0724554e-02   6.6923163e-02
  -1.7591591e-02   6.3900047e-02
  -3.9989689e-02   6.7146559e-02
  -3.0009424e-02   5.6134498e-02
  -2.2008503e-02   5.6821587e-02
  -3.9924852e-02   5.2056072e-02
  -3.4187225e-02   5.4376864e-02
  -1.8672173e-02   5.6044138e-02
  -2.6296078e-02   5.3706887e-02
  -4.0421061e-02   5.5347656e-02
  -3.3426299e-02   5.5443320e-02
  -3.6858300e-02   5.6597665e-02
  -2.9157398e-02   5.6338132e-02
  -2.4070322e-02   5.9693767e-02
  -2.8473914e-02   5.6971613e-02
  -4.0559220e-02   4.7044920e-02
  -4.0355590e-02   4.9924869e-02
  -1.8313341e-02   5.7648025e-02
  -3.4815293e-02   4.9275186e-02
  -3.2340403e-02   5.3150309e-02
  -1.8238805e-02   5.2722563e-02
  -1.7111496e-02   4.4544826e-02
  -2.0310593e-02   4.7095843e-02
  -2.0795636e-01   4.5812539e-02
  -2.0503686e-01   5.1275862e-02
  -1.9291142e-01   5.9532924e-02
  -1.8729371e-01   7.1408883e-02
  -2.0435675e-01   8.9216852e-02
  -1.9634448e-01   1.0958025e-01
  -2.0040772e-01   1.2951200e-01
  -1.8634791e-01   1.4409011e-01
  -1.9779825e-01   1.6577913e-01
  -1.9049566e-01   1.8439186e-01
  -1.9481212e-01   1.9713764e-01
  -2.0455067e-01   2.1435445e-01
  -1.8705049e-01   2.2784616e-01
  -1.8595695e-01   2.3137846e-01
  -2.0189491e-01   2.4387304e-01
  -1.9540951e-01   2.5178636e-01
  -1.9734920e-01   2.5676964e-01
  -1.8653398e-01   2.7522163e-01
  -2.0121458e-01   2.7403991e-01
  -2.0085960e-01   2.8029331e-01
  -1.9974815e-01   2.8562129e-01
  -1.9368773e-01   2.9363198e-01
  -2.0207475e-01   3.0410555e-01
  -1.9507321e-01   3.1290175e-01
  -1.9910448e-01   3.1022165e-01
  -2.0583729e-01   3.0990670e-01
  -1.8441446e-01   3.1513692e-01
  -2.0041922e-01   3.2710980e-01
  -1.9751967e-01   3.2255722e-01
  -2.0328841e-01   3.3151834e-01
  -2.0373070e-01   3.3207123e-01
  -1.9869739e-01   3.3406042e-01
  -1.8676556e-01   3.3008311e-01
  -1.8943758e-01   3.3228938e-01
  -1.9684487e-01   3.4115891e-01
  -2.0367743e-01   3.3453075e-01
  -1.9483762e-01   3.4305877e-01
  -1.8688690e-01   3.4625510e-01
  -1.9053383e-01   3.4027865e-01
  -1.8542187e-01   3.3817054e-01
  -1.8643039e-01   3.4675123e-01
  -2.0715866e-01   3.4011157e-01
  -1.9572486e-01   3.4503560e-01
  -2.0539897e-01   3.4062520e-01
  -2.0058247e-01   3.4164040e-01
  -1.9927270e-01   3.5358365e-01
  -1.9162819e-01   3.5233436e-01
  -1.8950912e-01   3.4380427e-01
  -1.9891476e-01   3.4473519e-01
  -1.9662638e-01   3.4528887e-01
  -1.8629934e-01   3.4609480e-01
  -1.8511139e-01   3.5278135e-01
  -1.9033306e-01   3.5699146e-01
  -1.9555956e-01   3.4984903e-01
  -2.0166863e-01   3.5582250e-01
  -2.0626759e-01   3.5071208e-01
  -1.9245725e-01   3.4754564e-01
  -1.9756247e-01   3.5148326e-01
  -1.9001248e-01   3.5899288e-01
  -1.8876639e-01   3.4709685e-01
  -1.8503601e-01   3.5124683e-01
  -1.9229502e-01   3.5609763e-01
  -2.0746443e-01   3.5996083e-01
  -1.8663195e-01   3.4692944e-01
  -2.0392676e-01   3.5740508e-01
  -1.8897058e-01   3.5646503e-01
  -1.9093845e-01   3.4774682e-01
  -1.9322941e-01   3.5044464e-01
  -2.0748354e-01   3.5887184e-01
   9.8660356e-01   3.5541503e-01
   9.9700871e-01   3.5116782e-01
   9.8339902e-01   1.2070217e-01
   9.8413769e-01  -2.4026570e-01
   9.9171308e-01  -6.7618365e-01
   9.8132753e-01  -1.1424983e+00
   9.8631206e-01  -1.6048834e+00
   1.0010714e+00  -2.0605374e+00
   9.9006346e-01  -2.4986407e+00
   9.9407877e-01  -2.9089358e+00
   9.8908183e-01  -3.2887430e+00
   1.0022587e+00  -3.6366752e+00
   9.8888812e-01  -3.9718317e+00
   9.8174993e-01  -4.2678503e+00
   9.9656484e-01  -4.5400621e+00
   9.8554065e-01  -4.7795813e+00
   1.0036324e+00  -5.0115658e+00
   9.9116058e-01  -5.2136512e+00
   9.8698579e-01  -5.4056592e+00
   9.9787668e-01  -5.5768341e+00
   9.8138231e-01  -5.7382799e+00
   9.9640236e-01  -5.8722575e+00
   9.8611770e-01  -6.0016761e+00
   9.8437494e-01  -6.1234867e+00
   9.9934486e-01  -6.2325179e+00
   9.8498696e-01  -6.3291313e+00
   9.8520223e-01  -6.4201302e+00
   1.0048797e+00  -6.4994190e+00
   9.8306315e-01  -6.5728343e+00
   1.0017179e+00  -6.6350579e+00
   1.0028958e+00  -6.6877317e+00
   1.0013630e+00  -6.7496525e+00
   9.8584007e-01  -6.7914914e+00
   9.8561554e-01  -6.8462576e+00
   1.0037015e+00  -6.8855881e+00
   9.9892630e-01  -6.9226608e+00
   1.0015739e+00  -6.9561817e+00
   1.0043241e+00  -6.9826114e+00
   1.0027727e+00  -7.0138263e+00
   9.8725600e-01  -7.0456653e+00
   1.0005920e+00  -7.0685233e+00
   1.0045562e+00  -7.0884736e+00
   9.9700446e-01  -7.1074307e+00
   9.9381479e-01  -7.1199064e+00
   9.8166068e-01  -7.1348797e+00
   9.8221231e-01  -7.1455760e+00
   1.0002470e+00  -7.1613829e+00
   9.8174436e-01  -7.1735050e+00
   9.8760088e-01  -7.1934993e+00
   9.8379910e-01  -7.1984717e+00
   9.9917121e-01  -7.2041817e+00
   9.8993350e-01  -7.2132110e+00
   9.9292108e-01  -7.2262645e+00
   9.9259634e-01  -7.2298719e+00
   9.9438086e-01  -7.2365789e+00
   1.0049916e+00  -7.2399143e+00
   9.8323082e-01  -7.2486673e+00
   9.8211408e-01  -7.2568765e+00
   9.9388358e-01  -7.2611853e+00
   9.8659691e-01  -7.2534529e+00
   9.8552637e-01  -7.2575487e+00
   9.9561826e-01  -7.2660619e+00
   1.0012810e+00  -7.2609631e+00
   9.9342620e-01  -7.2660558e+00
   9.9984591e-01  -7.2688417e+00
   1.0045542e+00  -7.2751419e+00
   9.8206018e-01  -7.2834335e+00
   9.8249013e-01  -7.2814855e+00
   9.9305514e-01  -7.2781330e+00
   2.4846982e-01  -7.2756162e+00
   2.4159249e-01  -7.2767197e+00
   2.4854097e-01  -7.0800127e+00
   2.5156282e-01  -6.7477399e+00
   2.5440657e-01  -6.3653800e+00
   2.4056886e-01  -5.9538390e+00
   2.5503988e-01  -5.5463641e+00
   2.4010808e-01  -5.1385377e+00
   2.5746630e-01  -4.7581375e+00
   2.6322256e-01  -4.3825555e+00
   2.5152545e-01  -4.0446920e+00
   2.5297110e-01  -3.7419581e+00
   2.5391338e-01  -3.4560597e+00
   2.5564330e-01  -3.1819173e+00
   2.4719885e-01  -2.9427717e+00
   2.5735013e-01  -2.7208205e+00
   2.6063607e-01  -2.5197941e+00
   2.5760928e-01  -2.3425749e+00
   2.5666798e-01  -2.1775954e+00
   2.5964659e-01  -2.0182636e+00
   2.5149459e-01  -1.8894659e+00
   2.5452391e-01  -1.7503239e+00
   2.4835217e-01  -1.6367556e+00
   2.5376014e-01  -1.5440399e+00
   2.4821171e-01  -1.4373526e+00
   2.4114369e-01  -1.3558256e+00
   2.4388767e-01  -1.2844612e+00
   2.5095931e-01  -1.2089250e+00
   2.4581390e-01  -1.1458913e+00
   2.4012463e-01  -1.0845689e+00
   2.5370603e-01  -1.0302888e+00
   2.4042716e-01  -9.8700788e-01
   2.5793284e-01  -9.3295188e-01
   2.5206541e-01  -9.0409913e-01
   2.4415880e-01  -8.5464893e-01
   2.4249848e-01  -8.2104759e-01
   2.4915067e-01  -7.9450047e-01
   2.5432935e-01  -7.7354242e-01
   2.5934907e-01  -7.4078653e-01
   2.5632430e-01  -7.1815277e-01
   2.6275067e-01  -6.9659586e-01
   2.4253150e-01  -6.8169383e-01
   2.5443914e-01  -6.6646225e-01
   2.5453363e-01  -6.5424578e-01
   2.4442727e-01  -6.2989784e-01
   2.5771040e-01  -6.2681750e-01
   2.6097723e-01  -6.0781073e-01
   2.5304255e-01  -5.9820242e-01
   2.6334033e-01  -5.9698559e-01
   2.5049188e-01  -5.8623984e-01
   2.5171918e-01  -5.6864124e-01
   2.5414645e-01  -5.6243794e-01
   2.4518081e-01  -5.6760933e-01
   2.5544084e-01  -5.5572546e-01
   2.5669445e-01  -5.5606248e-01
   2.4991665e-01  -5.4276272e-01
   2.5141954e-01  -5.3745451e-01
   2.4451144e-01  -5.4202910e-01
   2.5664291e-01  -5.3124845e-01
   2.4657961e-01  -5.2439282e-01
   2.4942120e-01  -5.2485211e-01
   2.4378378e-01  -5.2885164e-01
   2.4140918e-01  -5.2497081e-01
   2.4198591e-01  -5.2573379e-01
   2.5547782e-01  -5.1685599e-01
   2.6157063e-01  -5.1160081e-01
   2.4827691e-01  -5.0897466e-01
   2.4413456e-01  -5.1453491e-01
   2.5622083e-01  -5.1543566e-01
  -9.7895766e-01  -5.0264110e-01
  -9.7830179e-01  -5.1355024e-01
  -9.8038407e-01  -3.8521012e-01
  -9.6399396e-01  -1.8497954e-01
  -9.7349767e-01   4.0123502e-02
  -9.8468104e-01   2.8628042e-01
  -9.7383327e-01   5.4281003e-01
  -9.7581494e-01   7.9079192e-01
  -9.6913037e-01   1.0186698e+00
  -9.7214450e-01   1.2278853e+00
  -9.6448948e-01   1.4378237e+00
  -9.7589512e-01   1.6250747e+00
  -9.8448621e-01   1.7978379e+00
  -9.7518824e-01   1.9525862e+00
  -9.8477124e-01   2.0993017e+00
  -9.6509030e-01   2.2342467e+00
  -9.8522219e-01   2.3520056e+00
  -9.8215009e-01   2.4693182e+00
  -9.6406885e-01   2.5615497e+00
  -9.8060811e-01   2.6582986e+00
  -9.7160476e-01   2.7309436e+00
  -9.8572630e-01   2.8106006e+00
  -9.8120919e-01   2.8827215e+00
  -9.7680013e-01   2.9389454e+00
  -9.6340779e-01   3.0009603e+00
  -9.8608635e-01   3.0507221e+00
  -9.6586530e-01   3.1054331e+00
  -9.6457939e-01   3.1455298e+00
  -9.6546554e-01   3.1771036e+00
  -9.6805241e-01   3.2123265e+00
  -9.8647139e-01   3.2481707e+00
  -9.8169072e-01   3.2718408e+00
  -9.7131306e-01   3.3097071e+00
  -9.7560262e-01   3.3273556e+00
  -9.7932984e-01   3.3514610e+00
  -9.8103187e-01   3.3770473e+00
  -9.7848866e-01   3.3951164e+00
  -9.7685180e-01   3.4033037e+00
  -9.7308282e-01   3.4220308e+00
  -9.7784905e-01   3.4400281e+00
  -9.6749231e-01   3.4498791e+00
  -9.8162333e-01   3.4520091e+00
  -9.8549483e-01   3.4617682e+00
  -9.8680202e-01   3.4815646e+00
  -9.7119448e-01   3.4909065e+00
  -9.7810427e-01   3.4975548e+00
  -9.8506745e-01   3.4969896e+00
  -9.6790074e-01   3.5091688e+00
  -9.7171792e-01   3.5182632e+00
  -9.7086056e-01   3.5192872e+00
  -9.7593551e-01   3.5262730e+00
  -9.7409769e-01   3.5300157e+00
  -9.8053560e-01   3.5315379e+00
  -9.7735490e-01   3.5380240e+00
  -9.8199509e-01   3.5416020e+00
  -9.6709879e-01   3.5429816e+00
  -9.8477345e-01   3.5478933e+00
  -9.6924029e-01   3.5518978e+00
  -9.7311841e-01   3.5517171e+00
  -9.7036855e-01   3.5530509e+00
  -9.8111199e-01   3.5447722e+00
  -9.7691308e-01   3.5531123e+00
  -9.7982997e-01   3.5530168e+00
  -9.6908642e-01   3.5520785e+00
  -9.6844952e-01   3.5604333e+00
  -9.7161848e-01   3.5599964e+00
  -9.7110055e-01   3.5590460e+00
  -9.7550996e-01   3.5538035e+00
  -9.8093349e-01   3.5596739e+00
  -2.0659253e-01   3.5587405e+00
  -2.1072590e-01   3.5628643e+00
  -2.2963245e-01   3.4705417e+00
  -2.1994585e-01   3.3131611e+00
  -2.2797390e-01   3.1388783e+00
  -2.1973228e-01   2.9516520e+00
  -2.0785145e-01   2.7463755e+00
  -2.1259839e-01   2.5625403e+00
  -2.1448719e-01   2.3862746e+00
  -2.0925363e-01   2.2152694e+00
  -2.1380962e-01   2.0592061e+00
  -2.2965829e-01   1.9141875e+00
  -2.2220293e-01   1.7741629e+00
  -2.2785571e-01   1.6481974e+00
  -2.2108843e-01   1.5438534e+00
  -2.1800110e-01   1.4340438e+00
  -2.0619616e-01   1.3429617e+00
  -2.2387055e-01   1.2553199e+00
  -2.1577009e-01   1.1879394e+00
  -2.0903659e-01   1.1084346e+00
  -2.0605825e-01   1.0516671e+00
  -2.2052998e-01   9.8799088e-01
  -2.2800296e-01   9.4012037e-01
  -2.2860562e-01   8.8463988e-01
  -2.2402023e-01   8.4732787e-01
  -2.2602890e-01   7.9858701e-01
  -2.1344220e-01   7.6440584e-01
  -2.0958842e-01   7.2498678e-01
  -2.2076647e-01   6.9663467e-01
  -2.2429782e-01   6.6768172e-01
  -2.1740053e-01   6.4950375e-01
  -2.1855081e-01   6.2907792e-01
  -2.2763127e-01   6.0105900e-01
  -2.2229154e-01   5.8400369e-01
  -2.1897478e-01   5.7063095e-01
  -2.0816669e-01   5.5299474e-01
  -2.2360038e-01   5.3938977e-01
  -2.2608825e-01   5.3223517e-01
  -2.0874151e-01   5.1794992e-01
  -2.2483001e-01   5.0431367e-01
  -2.2849687e-01   5.0041156e-01
  -2.1691980e-01   4.9240403e-01
  -2.2862613e-01   4.8415983e-01
  -2.2515208e-01   4.7240692e-01
  -2.0828682e-01   4.6563819e-01
  -2.2924957e-01   4.6451602e-01
  -2.2771912e-01   4.5948916e-01
  -2.2092275e-01   4.4711946e-01
  -2.2196700e-01   4.4990624e-01
  -2.2527422e-01   4.4637829e-01
  -2.2848549e-01   4.4327397e-01
  -2.2105413e-01   4.3098634e-01
  -2.1331710e-01   4.3008386e-01
  -2.1654932e-01   4.2106057e-01
  -2.2028005e-01   4.3113749e-01
  -2.0608244e-01   4.1728675e-01
  -2.2714196e-01   4.2606017e-01
  -2.2074056e-01   4.1355492e-01
  -2.1275591e-01   4.1850239e-01
  -2.2143707e-01   4.1750736e-01
  -2.0685466e-01   4.0929824e-01
  -2.2265736e-01   4.1177624e-01
  -2.2619266e-01   4.0713968e-01
  -2.0644631e-01   4.1639776e-01
  -2.2352540e-01   4.0971215e-01
  -2.2090068e-01   4.0600994e-01
  -2.2213234e-01   4.1282051e-01
  -2.2857877e-01   4.0814933e-01
  -2.1952062e-01   4.0627274e-01
  -5.0370862e-01   4.0665682e-01
  -5.0923782e-01   4.0326279e-01
  -5.0106271e-01   4.2655348e-01
  -5.1188527e-01   4.7642183e-01
  -5.0431612e-01   5.1843350e-01
  -5.0967415e-01   5.6236979e-01
  -5.0271059e-01   6.1747627e-01
  -5.1157123e-01   6.7452850e-01
  -5.0610818e-01   7.2227179e-01
  -5.0389982e-01   7.6199902e-01
  -5.0634988e-01   8.0218291e-01
  -4.9999478e-01   8.4068924e-01
  -5.1349455e-01   8.8239659e-01
  -5.0474613e-01   9.1033208e-01
  -5.0621573e-01   9.4556527e-01
  -5.1928675e-01   9.6000484e-01
  -4.9922231e-01   9.9672454e-01
  -5.0433499e-01   1.0131330e+00
  -5.1361696e-01   1.0340961e+00
  -5.1277385e-01   1.0513038e+00
  -5.2282139e-01   1.0678338e+00
  -5.2178086e-01   1.0854952e+00
  -5.0210237e-01   1.1052373e+00
  -5.2269811e-01   1.1171386e+00
  -5.1388641e-01   1.1245276e+00
  -5.0457727e-01   1.1322426e+00
  -5.0633821e-01   1.1434697e+00
  -5.0143734e-01   1.1465192e+00
  -4.9956333e-01   1.1633336e+00
  -5.1607698e-01   1.1724619e+00
  -4.9930842e-01   1.1743871e+00
  -5.1788371e-01   1.1739034e+00
  -5.1306950e-01   1.1811927e+00
  -5.0719069e-01   1.1850763e+00
  -5.1214836e-01   1.1887525e+00
  -5.1979836e-01   1.1982328e+00
  -5.1666289e-01   1.2012317e+00
  -5.1632041e-01   1.2055978e+00
  -5.1533903e-01   1.2062889e+00
  -5.0965058e-01   1.2125851e+00
  -5.2245788e-01   1.2108153e+00
  -5.1842795e-01   1.2198963e+00
  -5.2202999e-01   1.2193632e+00
  -5.2023949e-01   1.2281155e+00
  -5.0887840e-01   1.2262508e+00
  -5.0355482e-01   1.2210774e+00
  -5.1222628e-01   1.2325725e+00
  -5.1268827e-01   1.2271183e+00
  -5.1045998e-01   1.2340341e+00
  -4.9963999e-01   1.2291116e+00
  -5.1530274e-01   1.2297970e+00
  -5.0565888e-01   1.2279658e+00
  -5.1959131e-01   1.2376127e+00
  -5.0505081e-01   1.2270491e+00
  -5.0434132e-01   1.2350687e+00
  -5.0932689e-01   1.2345257e+00
  -5.0080218e-01   1.2321475e+00
   6.5188617e-01   1.2390219e+00
