   6.8630270e-03  -5.4106281e-03
  -6.3420133e-03  -2.3216749e-03
   1.7427872e-03  -6.1508164e-03
   1.1493527e-02  -2.6977474e-03
   9.2306968e-03  -5.7707700e-03
   1.9516027e-03  -8.5018649e-04
  -9.0070652e-03   1.7884095e-03
  -6.0435646e-03   5.2474608e-03
   6.7463618e-03   4.6963497e-03
   2.1190405e-03   4.6138612e-03
   7.6130223e-01   6.2671677e-04
   7.4136451e-01   3.8396054e-04
   7.5545007e-01  -1.0987140e-01
   7.4704000e-01  -2.7171256e-01
   7.5997117e-01  -4.7556718e-01
   7.4601064e-01  -6.9120666e-01
   7.5526847e-01  -9.0183672e-01
   7.4307687e-01  -1.1065388e+00
   7.5527840e-01  -1.3102972e+00
   7.4912296e-01  -1.5019974e+00
   7.4685567e-01  -1.6694773e+00
   7.5011732e-01  -1.8324182e+00
   7.5558496e-01  -1.9796037e+00
   7.4080149e-01  -2.1231628e+00
   7.4240217e-01  -2.2414580e+00
   7.5567892e-01  -2.3537051e+00
   7.5890776e-01  -2.4577492e+00
   7.4244261e-01  -2.5525806e+00
   7.5204030e-01  -2.6524450e+00
   7.4011136e-01  -2.7311550e+00
   7.6160260e-01  -2.7952652e+00
   7.4544309e-01  -2.8652884e+00
   7.5425692e-01  -2.9155887e+00
   7.6041731e-01  -2.9772087e+00
   7.5744784e-01  -3.0239238e+00
   7.5981987e-01  -3.0613165e+00
   7.4950426e-01  -3.1103784e+00
   7.5236926e-01  -3.1496797e+00
   7.4291275e-01  -3.1821248e+00
   7.6141140e-01  -3.2073709e+00
   7.4669239e-01  -3.2404826e+00
   7.4821607e-01  -3.2552070e+00
   7.4031272e-01  -3.2824352e+00
   7.5059371e-01  -3.3114948e+00
   7.4072551e-01  -3.3233986e+00
   7.4360635e-01  -3.3484775e+00
   7.3942505e-01  -3.3583707e+00
   7.5356783e-01  -3.3766383e+00
   7.5315743e-01  -3.3868409e+00
   7.4927402e-01  -3.3972227e+00
   7.4345093e-01  -3.4039045e+00
   7.5184588e-01  -3.4116980e+00
   7.5357231e-01  -3.4292592e+00
   7.4319956e-01  -3.4325462e+00
   7.5221905e-01  -3.4418550e+00
   7.4577522e-01  -3.4461377e+00
   7.5120975e-01  -3.4583115e+00
   7.3983219e-01  -3.4598671e+00
   7.4690563e-01  -3.4585614e+00
   7.5858000e-01  -3.4716244e+00
   7.5218501e-01  -3.4677258e+00
   7.4013586e-01  -3.4775871e+00
   7.6048608e-01  -3.4817997e+00
   7.4247514e-01  -3.4828255e+00
   7.5547914e-01  -3.4856954e+00
   7.5355973e-01  -3.4926083e+00
   7.5729175e-01  -3.4859423e+00
   7.5894542e-01  -3.4904410e+00
   7.5156188e-01  -3.4980186e+00
   7.5935440e-01  -3.5013521e+00
   7.5224654e-01  -3.4993242e+00
   7.4815537e-01  -3.4981404e+00
   7.4688267e-01  -3.5041279e+00
   7.4492449e-01  -3.5031694e+00
   7.5786776e-01  -3.5044172e+00
   7.5516036e-01  -3.5074576e+00
   7.5704636e-01  -3.5109169e+00
   7.4064474e-01  -3.5020893e+00
   7.5233796e-01  -3.5098955e+00
   2.6427555e-01  -3.5042183e+00
   2.7088058e-01  -3.5124874e+00
   2.8250410e-01  -3.4189353e+00
   2.6867441e-01  -3.2820795e+00
   2.6706517e-01  -3.1093625e+00
   2.5973971e-01  -2.9252983e+00
   2.6989662e-01  -2.7474255e+00
   2.7293153e-01  -2.5738830e+00
   2.8241183e-01  -2.3979079e+00
   2.5950634e-01  -2.2380660e+00
   2.6936562e-01  -2.0946854e+00
   2.8072472e-01  -1.9577780e+00
   2.6817275e-01  -1.8393813e+00
   2.6927060e-01  -1.7218079e+00
   2.6242737e-01  -1.6139956e+00
   2.6673531e-01  -1.5216166e+00
   2.7264029e-01  -1.4293280e+00
   2.7469194e-01  -1.3578593e+00
   2.7182298e-01  -1.2821799e+00
   2.7589277e-01  -1.2105456e+00
   2.6021762e-01  -1.1461864e+00
   2.6647330e-01  -1.0978727e+00
   2.7232303e-01  -1.0417102e+00
   2.8278712e-01  -1.0021429e+00
   2.7531030e-01  -9.5433953e-01
   2.6242505e-01  -9.2217276e-01
   2.7055133e-01  -8.9417934e-01
   2.8163287e-01  -8.6110977e-01
   2.7266346e-01  -8.3071432e-01
   2.8167210e-01  -7.9677205e-01
   2.6873441e-01  -7.7866038e-01
   2.8214712e-01  -7.5191823e-01
   2.6492824e-01  -7.4455016e-01
   2.6142819e-01  -7.1619999e-01
   2.8019201e-01  -7.0042472e-01
   2.7183654e-01  -6.8542611e-01
   2.7026609e-01  -6.7779221e-01
   2.6995246e-01  -6.6797562e-01
   2.6811880e-01  -6.6025127e-01
   2.6218067e-01  -6.4287082e-01
   2.5999929e-01  -6.3860136e-01
   2.6994611e-01  -6.2392291e-01
   2.5985343e-01  -6.2381900e-01
   2.6504037e-01  -6.1692788e-01
   2.7832164e-01  -6.0349284e-01
   2.6911364e-01  -6.0035872e-01
   2.7043422e-01  -6.0374261e-01
   2.8054688e-01  -5.9407459e-01
   2.7631933e-01  -5.8544560e-01
   2.5997653e-01  -5.7871780e-01
   2.6596995e-01  -5.8314553e-01
   2.7451865e-01  -5.8483318e-01
   2.6021086e-01  -5.6893981e-01
   2.7016504e-01  -5.7109931e-01
   2.7867632e-01  -5.6457482e-01
   2.8026707e-01  -5.6860534e-01
   2.7540898e-01  -5.7235482e-01
   2.7893097e-01  -5.5825072e-01
   2.6995649e-01  -5.5686672e-01
   2.7544157e-01  -5.6453093e-01
   2.7384824e-01  -5.5677757e-01
   2.6152647e-01  -5.5433867e-01
   2.6944331e-01  -5.5542753e-01
   2.7295426e-01  -5.6070986e-01
   2.6583575e-01  -5.5392039e-01
   2.7338036e-01  -5.4993463e-01
   2.5907832e-01  -5.5749335e-01
   2.6823333e-01  -5.5075780e-01
   2.8216923e-01  -5.5131720e-01
  -6.4072995e-01  -5.4570661e-01
  -6.5858960e-01  -5.5825960e-01
  -6.4913229e-01  -4.8355181e-01
  -6.4660613e-01  -3.7045479e-01
  -6.3923789e-01  -2.3299605e-01
  -6.4908871e-01  -8.6418065e-02
  -6.5676766e-01   6.1577012e-02
  -6.5237430e-01   1.9101572e-01
  -6.5596040e-01   3.2363863e-01
  -6.5984206e-01   4.5144338e-01
  -6.5763074e-01   5.7727456e-01
  -6.4919359e-01   6.7657373e-01
  -6.5578927e-01   7.8508295e-01
  -6.5011879e-01   8.7746930e-01
  -6.5220021e-01   9.5298947e-01
  -6.4181934e-01   1.0288223e+00
  -6.4291394e-01   1.1074885e+00
  -6.3935018e-01   1.1694310e+00
  -6.5282323e-01   1.2270907e+00
  -6.3801029e-01   1.2758959e+00
  -6.5228157e-01   1.3296497e+00
  -6.4576943e-01   1.3732079e+00
  -6.3975094e-01   1.4072224e+00
  -6.3755360e-01   1.4464288e+00
  -6.3661819e-01   1.4780904e+00
  -6.4881158e-01   1.5057955e+00
  -6.5325328e-01   1.5432375e+00
  -6.4864991e-01   1.5574723e+00
  -6.5240438e-01   1.5856682e+00
  -6.4930067e-01   1.5987124e+00
  -6.4812432e-01   1.6260585e+00
  -6.4549579e-01   1.6391960e+00
  -6.4702510e-01   1.6553739e+00
  -6.4462347e-01   1.6688491e+00
  -6.3859348e-01   1.6752939e+00
  -6.5827523e-01   1.6950313e+00
  -6.5121152e-01   1.7016670e+00
  -6.4659421e-01   1.7084565e+00
  -6.3786504e-01   1.7166097e+00
  -6.5780080e-01   1.7317543e+00
  -6.4766431e-01   1.7384527e+00
  -6.3926347e-01   1.7506823e+00
  -6.3884091e-01   1.7549422e+00
  -6.4006486e-01   1.7621222e+00
  -6.5213338e-01   1.7603095e+00
  -6.5084659e-01   1.7646882e+00
  -6.4592571e-01   1.7690388e+00
  -6.5353515e-01   1.7778566e+00
  -6.5423929e-01   1.7746929e+00
  -6.5127271e-01   1.7718134e+00
  -6.4385657e-01   1.7874014e+00
  -6.4017754e-01   1.7873004e+00
  -6.4177097e-01   1.7816175e+00
  -6.4345045e-01   1.7871234e+00
  -6.4756448e-01   1.7887478e+00
  -6.5903764e-01   1.7956867e+00
  -6.6030495e-01   1.7882699e+00
  -6.5023953e-01   1.7949308e+00
  -6.5649879e-01   1.7922237e+00
  -6.4846182e-01   1.8022255e+00
  -6.4351218e-01   1.7970446e+00
  -6.4871172e-01   1.7931770e+00
  -6.4698702e-01   1.7946388e+00
  -6.4093553e-01   1.8026713e+00
  -6.5220602e-01   1.8043085e+00
  -6.4047930e-01   1.8020310e+00
  -6.4156588e-01   1.8021115e+00
  -6.4131640e-01   1.7995830e+00
  -6.4578681e-01   1.8011488e+00
   3.0507263e-01   1.8085662e+00
   2.9189714e-01   1.8099280e+00
   3.0230077e-01   1.7320971e+00
   2.9216777e-01   1.6197057e+00
   3.0430114e-01   1.4802085e+00
   2.9732867e-01   1.3270512e+00
   3.0651826e-01   1.1876448e+00
   2.9748184e-01   1.0412762e+00
   2.9145727e-01   9.0448253e-01
   2.9354082e-01   7.6475045e-01
   2.8859940e-01   6.5009980e-01
   3.0126736e-01   5.3894341e-01
   2.9478621e-01   4.3710105e-01
   3.0391541e-01   3.3895686e-01
   3.0994310e-01   2.5573285e-01
   3.0863698e-01   1.7924958e-01
   2.8654603e-01   9.6460835e-02
   3.0259401e-01   3.4448777e-02
   2.9349063e-01  -2.2501058e-02
   3.0108784e-01  -8.0205101e-02
   3.0012569e-01  -1.3062956e-01
   2.9843297e-01  -1.7534969e-01
   2.9570471e-01  -2.1567208e-01
   2.9538764e-01  -2.5380121e-01
   2.9542035e-01  -2.7967410e-01
   2.8789714e-01  -3.1275323e-01
   3.0915514e-01  -3.4431689e-01
   2.9756391e-01  -3.7496890e-01
   2.9946868e-01  -3.9253696e-01
   3.0630970e-01  -4.0957637e-01
   2.8975548e-01  -4.3098158e-01
   2.9601514e-01  -4.4253912e-01
   2.9871988e-01  -4.6744649e-01
   3.0264656e-01  -4.8561463e-01
   2.8649642e-01  -4.8751300e-01
   2.8997793e-01  -5.0764055e-01
   2.9535666e-01  -5.1827708e-01
   2.8745511e-01  -5.3010040e-01
   3.0846634e-01  -5.3757746e-01
   2.9000196e-01  -5.3887416e-01
   3.0649133e-01  -5.5613194e-01
   3.0152068e-01  -5.5329927e-01
   2.9407677e-01  -5.6479827e-01
   2.9789973e-01  -5.6960722e-01
   3.0898963e-01  -5.7597405e-01
   3.0634837e-01  -5.7988721e-01
   3.0579902e-01  -5.8529803e-01
   2.9915586e-01  -5.8146733e-01
   2.9871162e-01  -5.8820633e-01
   2.8977131e-01  -5.8970551e-01
   2.9368338e-01  -5.9409542e-01
   3.0714833e-01  -5.9708664e-01
   3.0008080e-01  -5.9592287e-01
   2.9082063e-01  -6.0673656e-01
   2.9078702e-01  -5.9998877e-01
   3.0832056e-01  -6.0098215e-01
   2.9827948e-01  -6.0351938e-01
   3.0501527e-01  -6.1379757e-01
   2.8960277e-01  -6.0649009e-01
   2.9822228e-01  -6.1657883e-01
   2.9129976e-01  -6.1388781e-01
   2.9525576e-01  -6.1921448e-01
   2.8926011e-01  -6.1069552e-01
   2.9303518e-01  -6.1252812e-01
   3.0807823e-01  -6.1243821e-01
   2.8650301e-01  -6.1272213e-01
   2.9334391e-01  -6.2146074e-01
   3.0357142e-01  -6.2373018e-01
   3.0879703e-01  -6.1175204e-01
  -1.7216764e-01  -6.1686219e-01
  -1.7759886e-01  -6.1599680e-01
  -1.7143444e-01  -5.9855347e-01
  -1.7204679e-01  -5.5161765e-01
  -1.7778074e-01  -4.9612934e-01
  -1.6602838e-01  -4.4255087e-01
  -1.7744258e-01  -3.8773518e-01
  -1.7752990e-01  -3.3081302e-01
  -1.7834425e-01  -2.7174996e-01
  -1.6077084e-01  -2.2836751e-01
  -1.6758892e-01  -1.8660295e-01
  -1.6969584e-01  -1.4480167e-01
  -1.6026560e-01  -1.0088592e-01
  -1.6914716e-01  -6.4660061e-02
  -1.6069045e-01  -3.7080612e-02
  -1.6023248e-01   2.0303140e-03
  -1.5709683e-01   1.6356450e-02
  -1.5682711e-01   4.3860864e-02
  -1.6444019e-01   7.4237777e-02
  -1.5850388e-01   8.6093358e-02
  -1.6962433e-01   1.0259408e-01
  -1.7277240e-01   1.2686009e-01
  -1.7289611e-01   1.4464784e-01
  -1.6266328e-01   1.5115653e-01
  -1.7812524e-01   1.7092514e-01
  -1.7594991e-01   1.8086616e-01
  -1.5775963e-01   1.8563411e-01
  -1.6578049e-01   1.9749403e-01
  -1.7100745e-01   2.0792304e-01
  -1.7778079e-01   2.2346887e-01
  -1.6890885e-01   2.3034159e-01
  -1.6286552e-01   2.3374532e-01
  -1.5587634e-01   2.3464240e-01
  -1.6704700e-01   2.4414890e-01
  -1.6267585e-01   2.4999939e-01
  -1.5686706e-01   2.4969738e-01
  -1.7143583e-01   2.5924461e-01
  -1.5916282e-01   2.6188748e-01
  -1.6042938e-01   2.6478436e-01
  -1.5791454e-01   2.6109460e-01
  -1.7562984e-01   2.6361002e-01
  -1.6897442e-01   2.7305348e-01
  -1.5905943e-01   2.7907278e-01
  -1.5672938e-01   2.8174680e-01
  -1.5744946e-01   2.7953790e-01
  -1.7914780e-01   2.7940950e-01
  -1.7638085e-01   2.8417681e-01
  -1.6500494e-01   2.8323083e-01
  -1.7147600e-01   2.9078988e-01
  -1.7407400e-01   2.8665922e-01
  -1.6365810e-01   2.8138762e-01
  -1.7556952e-01   2.8118067e-01
  -1.7370691e-01   2.8405239e-01
  -1.6311199e-01   2.9569009e-01
  -1.7205421e-01   2.9270924e-01
  -1.6547855e-01   2.8436265e-01
  -1.6540448e-01   2.9103366e-01
  -1.7828316e-01   2.9723574e-01
  -1.6983580e-01   2.9334854e-01
  -1.7074968e-01   2.9447657e-01
  -1.7631080e-01   2.9673275e-01
  -1.6692522e-01   2.8697062e-01
  -1.7156092e-01   2.9698672e-01
  -1.6216027e-01   2.9839708e-01
  -1.6860806e-01   2.9677679e-01
  -1.6794342e-01   2.8950117e-01
  -1.7369249e-01   2.8840371e-01
  -1.6692776e-01   2.9677904e-01
  -1.6518420e-01   2.9595981e-01
   1.7294794e-01   2.9079599e-01
   1.7282175e-01   2.8914060e-01
   1.7244346e-01   2.7825525e-01
   1.8157129e-01   2.4005144e-01
   1.9086064e-01   2.0654351e-01
   1.8217556e-01   1.7547121e-01
   1.8787832e-01   1.3378096e-01
   1.7596084e-01   9.0227963e-02
   1.8861650e-01   5.5443335e-02
   1.9466890e-01   3.3493867e-02
   1.7668798e-01  -1.1269456e-02
   1.8910296e-01  -3.9897722e-02
   1.7964656e-01  -5.6714644e-02
   1.7614065e-01  -8.4863811e-02
   1.9410124e-01  -1.0593785e-01
   1.9004685e-01  -1.3166937e-01
   1.7186272e-01  -1.5239289e-01
   1.9450657e-01  -1.6658905e-01
   1.7818997e-01  -1.7227850e-01
   1.9043128e-01  -1.9359753e-01
   1.7119027e-01  -2.1189613e-01
   1.8714085e-01  -2.1989709e-01
   1.9092163e-01  -2.3236880e-01
   1.7559140e-01  -2.3724050e-01
   1.9405116e-01  -2.4183602e-01
   1.8373296e-01  -2.5282508e-01
   1.7876985e-01  -2.6278788e-01
   1.8641746e-01  -2.7444962e-01
   1.8813388e-01  -2.7651533e-01
   1.7474336e-01  -2.7928786e-01
   1.7850868e-01  -2.9083055e-01
   1.9099230e-01  -2.9499962e-01
   1.9322915e-01  -2.9704525e-01
   1.9263722e-01  -3.0084750e-01
   1.7411189e-01  -3.0672703e-01
   1.7344103e-01  -3.0975478e-01
   1.8087492e-01  -3.1215617e-01
   1.7780632e-01  -3.1079448e-01
   1.8782568e-01  -3.0612433e-01
   1.7351715e-01  -3.1100683e-01
   1.9172056e-01  -3.1046866e-01
   1.7520880e-01  -3.1301006e-01
   1.8118779e-01  -3.1534744e-01
   1.8998434e-01  -3.1528494e-01
   1.7108906e-01  -3.2320253e-01
   1.9268557e-01  -3.2610050e-01
   1.7659797e-01  -3.2060384e-01
   1.8963169e-01  -3.2152755e-01
   1.8766533e-01  -3.2500875e-01
   1.8680504e-01  -3.2063685e-01
   1.8987971e-01  -3.2206853e-01
   1.7414447e-01  -3.2406299e-01
   1.7933607e-01  -3.2847328e-01
   1.7765398e-01  -3.3544308e-01
   1.7309868e-01  -3.2385242e-01
   1.7937383e-01  -3.2991173e-01
   1.8012529e-01  -3.3447561e-01
   1.9369951e-01  -3.3396924e-01
   1.9369125e-01  -3.2591642e-01
   1.7479466e-01  -3.3722496e-01
   1.8216692e-01  -3.3653425e-01
   1.9128944e-01  -3.3428989e-01
   1.7312486e-01  -3.3840385e-01
   1.8887991e-01  -3.2809535e-01
   1.8568730e-01  -3.2689571e-01
   1.7194309e-01  -3.3925606e-01
   1.7729476e-01  -3.3997218e-01
   1.7375647e-01  -3.3841576e-01
   1.7489666e-01  -3.3617958e-01
  -2.7916023e-01  -3.3631509e-01
  -2.7924459e-01  -3.2817077e-01
  -2.8150234e-01  -3.1154503e-01
  -2.7993818e-01  -2.6148789e-01
  -2.8722536e-01  -2.1010819e-01
  -2.9632789e-01  -1.5405371e-01
  -2.9482900e-01  -1.1056975e-01
  -2.9568140e-01  -5.0469617e-02
  -2.8782562e-01  -6.3601465e-03
  -2.8847732e-01   5.2600207e-02
  -2.9702023e-01   8.7172430e-02
  -2.9107552e-01   1.3446918e-01
  -2.7764026e-01   1.7445221e-01
  -2.8590534e-01   2.0659982e-01
  -2.9800501e-01   2.4255600e-01
  -2.9696816e-01   2.6403688e-01
  -2.7890709e-01   2.9581168e-01
  -2.8349924e-01   3.2091794e-01
  -2.9807349e-01   3.4514266e-01
  -2.7701772e-01   3.5922191e-01
  -2.9080654e-01   3.7814688e-01
  -2.9108668e-01   3.9055262e-01
  -2.8228375e-01   4.1103990e-01
  -2.7934496e-01   4.2550525e-01
  -2.8282696e-01   4.4037869e-01
  -2.7940909e-01   4.5334267e-01
  -2.9043081e-01   4.6068863e-01
  -2.8376404e-01   4.6936804e-01
  -2.8673495e-01   4.7276595e-01
  -2.9956937e-01   4.8396212e-01
  -2.8978213e-01   4.9128900e-01
  -2.8990867e-01   4.9427508e-01
  -3.0045114e-01   4.9630454e-01
  -2.9546131e-01   5.1421526e-01
  -2.8830048e-01   5.0723937e-01
  -2.9618320e-01   5.1761177e-01
  -2.9571108e-01   5.1480649e-01
  -2.8504106e-01   5.2686932e-01
  -2.8673770e-01   5.2947162e-01
  -2.9601098e-01   5.2732076e-01
  -2.9492018e-01   5.3560975e-01
  -2.9998457e-01   5.3141956e-01
  -2.9597215e-01   5.3770757e-01
  -2.8652269e-01   5.3702303e-01
  -2.9193672e-01   5.4455023e-01
  -2.8809976e-01   5.4225587e-01
  -2.7840124e-01   5.4043804e-01
  -2.8513782e-01   5.4916315e-01
  -2.9819354e-01   5.4904097e-01
  -2.8220899e-01   5.5650090e-01
  -2.9387826e-01   5.4697102e-01
  -2.8595018e-01   5.5816457e-01
  -2.8243159e-01   5.5137943e-01
  -2.9912146e-01   5.5587884e-01
  -2.7988499e-01   5.5430977e-01
  -2.9590313e-01   5.5202878e-01
  -2.8160408e-01   5.6206555e-01
  -2.7731543e-01   5.5064783e-01
  -2.8364977e-01   5.5319359e-01
  -2.9187988e-01   5.5610460e-01
  -2.8698421e-01   5.5091135e-01
  -2.9292415e-01   5.5180410e-01
  -2.8789640e-01   5.5546745e-01
  -2.8851432e-01   5.5804107e-01
  -2.7855549e-01   5.5158060e-01
  -2.9489991e-01   5.6291401e-01
  -2.7851291e-01   5.5826554e-01
  -2.9959736e-01   5.5968444e-01
  -3.0042489e-01   5.6225553e-01
   6.0003626e-01   5.5785800e-01
   5.9476342e-01   5.5279101e-01
   5.9263177e-01   4.8276515e-01
   5.9516538e-01   3.5482181e-01
   6.0265448e-01   1.9228742e-01
   6.0583918e-01   2.5679604e-02
   5.9268961e-01  -1.3541548e-01
   5.9776306e-01  -2.9108060e-01
   6.0684314e-01  -4.4959381e-01
   5.9377717e-01  -5.9672332e-01
   6.0022424e-01  -7.2305502e-01
   6.0024610e-01  -8.4450858e-01
   5.9420296e-01  -9.5695193e-01
   5.9544717e-01  -1.0634825e+00
   6.0075925e-01  -1.1587290e+00
   5.9497130e-01  -1.2461310e+00
   6.0720665e-01  -1.3367207e+00
   6.1367116e-01  -1.4108219e+00
   5.9543053e-01  -1.4681395e+00
   6.0838958e-01  -1.5256945e+00
   6.0088126e-01  -1.5901304e+00
   6.0643169e-01  -1.6295380e+00
   6.0499594e-01  -1.6819522e+00
   5.9801613e-01  -1.7245275e+00
   6.1015158e-01  -1.7636695e+00
   5.9412085e-01  -1.7938849e+00
   6.1110658e-01  -1.8277017e+00
   5.9764783e-01  -1.8515289e+00
   6.1289522e-01  -1.8772801e+00
   6.0849577e-01  -1.9021895e+00
   5.9296300e-01  -1.9247219e+00
   6.1208655e-01  -1.9433758e+00
   5.9991325e-01  -1.9565116e+00
   6.1556413e-01  -1.9740617e+00
   6.0602090e-01  -1.9897477e+00
   6.1216957e-01  -2.0104878e+00
   6.0656288e-01  -2.0170520e+00
   5.9363623e-01  -2.0296527e+00
   6.0098635e-01  -2.0308526e+00
   6.0629289e-01  -2.0482431e+00
   6.0201027e-01  -2.0512194e+00
   6.0499376e-01  -2.0617074e+00
   6.0345431e-01  -2.0693258e+00
   5.9759129e-01  -2.0816859e+00
   6.0126369e-01  -2.0843997e+00
   5.9346156e-01  -2.0816636e+00
   6.0129643e-01  -2.0842106e+00
   6.1484217e-01  -2.0913181e+00
   6.0986255e-01  -2.0961991e+00
   5.9964247e-01  -2.1014925e+00
   6.0689154e-01  -2.0998377e+00
   6.0788613e-01  -2.1028394e+00
   5.9687810e-01  -2.1043088e+00
   5.9448622e-01  -2.1070126e+00
   6.1491061e-01  -2.1148553e+00
   6.1148971e-01  -2.1154154e+00
   6.1090276e-01  -2.1130206e+00
   6.0740372e-01  -2.1233966e+00
   6.1139995e-01  -2.1281357e+00
   6.0347982e-01  -2.1241963e+00
   5.9828257e-01  -2.1210133e+00
   6.1222321e-01  -2.1208037e+00
   6.0833881e-01  -2.1247388e+00
   6.0672218e-01  -2.1272544e+00
   5.9213297e-01  -2.1266136e+00
   5.9678754e-01  -2.1356598e+00
   5.9520592e-01  -2.1351986e+00
   6.1422062e-01  -2.1326546e+00
   6.1604138e-01  -2.1265548e+00
   4.8889607e-01  -2.1245538e+00
   4.7678318e-01  -2.1285790e+00
   4.7805532e-01  -2.1039520e+00
   4.7710225e-01  -2.0718523e+00
   4.7648768e-01  -2.0284217e+00
   4.7897258e-01  -1.9796590e+00
   4.8325535e-01  -1.9217190e+00
   4.8406978e-01  -1.8823114e+00
   4.7737955e-01  -1.8278802e+00
   4.7441275e-01  -1.7888047e+00
   4.6596727e-01  -1.7555557e+00
   4.6740683e-01  -1.7107404e+00
   4.6673766e-01  -1.6745477e+00
   4.8386275e-01  -1.6547347e+00
   4.7248249e-01  -1.6212905e+00
   4.7928983e-01  -1.5924331e+00
   4.6973555e-01  -1.5683417e+00
   4.7106489e-01  -1.5560772e+00
   4.7944421e-01  -1.5270414e+00
   4.6825312e-01  -1.5074182e+00
   4.8827702e-01  -1.4965744e+00
   4.8875351e-01  -1.4786419e+00
   4.8018184e-01  -1.4612659e+00
   4.7292710e-01  -1.4491770e+00
   4.8086703e-01  -1.4420971e+00
   4.7127066e-01  -1.4366792e+00
   4.8047951e-01  -1.4279300e+00
   4.8849783e-01  -1.4218554e+00
   4.7713333e-01  -1.4068346e+00
   4.8446699e-01  -1.4031855e+00
   4.8492665e-01  -1.3992737e+00
   4.8226716e-01  -1.3843017e+00
   4.6731345e-01  -1.3858322e+00
   4.7371593e-01  -1.3771527e+00
   4.8224895e-01  -1.3822454e+00
   4.7397942e-01  -1.3786931e+00
   4.8514686e-01  -1.3755731e+00
   4.6974896e-01  -1.3592496e+00
   4.7081938e-01  -1.3628584e+00
   4.7027213e-01  -1.3531394e+00
   4.8376490e-01  -1.3560416e+00
   4.7539927e-01  -1.3565855e+00
   4.7889894e-01  -1.3542583e+00
   4.7119799e-01  -1.3555162e+00
   4.8163150e-01  -1.3439140e+00
   4.8313228e-01  -1.3418775e+00
   4.7377070e-01  -1.3483564e+00
   4.7178864e-01  -1.3501350e+00
   4.8119605e-01  -1.3429263e+00
   4.7165736e-01  -1.3491742e+00
   4.8203323e-01  -1.3490468e+00
   4.7022227e-01  -1.3435856e+00
   4.7084707e-01  -1.3405394e+00
   4.8168459e-01  -1.3454697e+00
   4.6821531e-01  -1.3432555e+00
   4.7053816e-01  -1.3459528e+00
   4.6660015e-01  -1.3349115e+00
   4.7015231e-01  -1.3369912e+00
   4.8106082e-01  -1.3351060e+00
   4.8596395e-01  -1.3393846e+00
   4.6982632e-01  -1.3354295e+00
   4.8543192e-01  -1.3368312e+00
   4.7528399e-01  -1.3416257e+00
   4.7272587e-01  -1.3385448e+00
   4.7266746e-01  -1.3392585e+00
   4.7574032e-01  -1.3378283e+00
   4.7731785e-01  -1.3396827e+00
   4.8427981e-01  -1.3383364e+00
   4.8818285e-01  -1.3371929e+00
   3.5991993e-01  -1.3379621e+00
   3.5575195e-01  -1.3381452e+00
   3.7103098e-01  -1.3139757e+00
   3.6200642e-01  -1.2971778e+00
   3.7150165e-01  -1.2633330e+00
   3.7133835e-01  -1.2331530e+00
   3.7298278e-01  -1.2044314e+00
   3.6417945e-01  -1.1777739e+00
   3.7495534e-01  -1.1505997e+00
   3.5744509e-01  -1.1173027e+00
   3.5235494e-01  -1.0966442e+00
   3.5310136e-01  -1.0788951e+00
   3.7073323e-01  -1.0480474e+00
   3.7401040e-01  -1.0328026e+00
   3.5998765e-01  -1.0206298e+00
   3.7135693e-01  -9.9494555e-01
   3.7218042e-01  -9.8507449e-01
   3.7421829e-01  -9.6842476e-01
   3.6384363e-01  -9.5442999e-01
   3.5959385e-01  -9.5188421e-01
   3.5991819e-01  -9.3825494e-01
   3.6423717e-01  -9.2699269e-01
   3.6894078e-01  -9.1565187e-01
   3.7352516e-01  -9.2026529e-01
   3.6985443e-01  -9.0881275e-01
   3.6784478e-01  -8.9519832e-01
   3.5583973e-01  -9.0196547e-01
   3.6420393e-01  -8.8923006e-01
   3.6977307e-01  -8.8369097e-01
   3.6766285e-01  -8.8163335e-01
   3.5613227e-01  -8.7747583e-01
   3.7246000e-01  -8.7449424e-01
   3.7323758e-01  -8.6708036e-01
   3.6560748e-01  -8.6361908e-01
   3.5908830e-01  -8.6968912e-01
   3.7263542e-01  -8.6382166e-01
   3.5580462e-01  -8.6706092e-01
   3.5308035e-01  -8.5921303e-01
   3.6094707e-01  -8.5677421e-01
   3.7123519e-01  -8.5753052e-01
   3.5758520e-01  -8.5616948e-01
   3.7073542e-01  -8.4561854e-01
   3.6420789e-01  -8.5181094e-01
   3.6497830e-01  -8.5353130e-01
   3.7382417e-01  -8.4790049e-01
   3.5781440e-01  -8.4499388e-01
   3.5762073e-01  -8.4555267e-01
   3.6154723e-01  -8.4721495e-01
   3.6252826e-01  -8.5075234e-01
   3.7050184e-01  -8.4689717e-01
   3.5817621e-01  -8.4962072e-01
   3.7117959e-01  -8.4637844e-01
   3.5955795e-01  -8.4039967e-01
   3.6811941e-01  -8.4866990e-01
   3.7361024e-01  -8.4368814e-01
   3.5527512e-01  -8.4925373e-01
   3.6586235e-01  -8.3671068e-01
   3.7133481e-01  -8.4547717e-01
   3.6701374e-01  -8.3944134e-01
   3.5317660e-01  -8.3865845e-01
   3.7316442e-01  -8.3512942e-01
   3.5376772e-01  -8.4218771e-01
   3.7135736e-01  -8.3791941e-01
   3.5295341e-01  -8.4107889e-01
   3.6083951e-01  -8.3847780e-01
   3.6281202e-01  -8.4594269e-01
   3.5389512e-01  -8.4502412e-01
   3.5310959e-01  -8.4634896e-01
   3.7216424e-01  -8.4179742e-01
   4.8298811e-01  -8.4546338e-01
   4.8052044e-01  -8.3387465e-01
   4.9179132e-01  -8.6096445e-01
   4.8790507e-01  -8.7918823e-01
   4.7141877e-01  -9.1369320e-01
   4.8007112e-01  -9.3751996e-01
   4.8172038e-01  -9.7465278e-01
   4.7200188e-01  -9.9560931e-01
   4.7257303e-01  -1.0271150e+00
   4.7012238e-01  -1.0605165e+00
   4.7249200e-01  -1.0772697e+00
   4.8563140e-01  -1.1027018e+00
   4.8446350e-01  -1.1292391e+00
   4.6952354e-01  -1.1457795e+00
   4.8094378e-01  -1.1639103e+00
   4.8891187e-01  -1.1865716e+00
   4.7677395e-01  -1.2011708e+00
   4.6975486e-01  -1.2060048e+00
   4.8527415e-01  -1.2169570e+00
   4.8730952e-01  -1.2380815e+00
   4.8347449e-01  -1.2487128e+00
   4.9131031e-01  -1.2557695e+00
   4.8309400e-01  -1.2688141e+00
   4.8151558e-01  -1.2708179e+00
   4.8611198e-01  -1.2726079e+00
   4.8272022e-01  -1.2823533e+00
   4.7823658e-01  -1.2907948e+00
   4.8949598e-01  -1.2912602e+00
   4.8898553e-01  -1.2954770e+00
   4.8507475e-01  -1.3008603e+00
   4.8984871e-01  -1.3113524e+00
   4.8905121e-01  -1.3134161e+00
   4.8447003e-01  -1.3217178e+00
   4.8354432e-01  -1.3246934e+00
   4.8005452e-01  -1.3146815e+00
   4.7279861e-01  -1.3184528e+00
   4.8973691e-01  -1.3262325e+00
   4.7219059e-01  -1.3327680e+00
   4.8515649e-01  -1.3247165e+00
   4.8839154e-01  -1.3337169e+00
   4.8684502e-01  -1.3263628e+00
   4.7728165e-01  -1.3393864e+00
   4.7270564e-01  -1.3288881e+00
   4.7811704e-01  -1.3299656e+00
   4.7574593e-01  -1.3373822e+00
   4.7977279e-01  -1.3391171e+00
   4.7967210e-01  -1.3341216e+00
   4.8115605e-01  -1.3464173e+00
   4.7418319e-01  -1.3387422e+00
   4.6855766e-01  -1.3373046e+00
   4.8669188e-01  -1.3357489e+00
   4.8378804e-01  -1.3404408e+00
   4.6877269e-01  -1.3368387e+00
   4.7162565e-01  -1.3458890e+00
   4.8729416e-01  -1.3508977e+00
   4.7036174e-01  -1.3425993e+00
   4.7205976e-01  -1.3399316e+00
   4.7923537e-01  -1.3515609e+00
   4.8759488e-01  -1.3399910e+00
   4.9079508e-01  -1.3434508e+00
   4.9217105e-01  -1.3526360e+00
   4.8367143e-01  -1.3469279e+00
   4.7677642e-01  -1.3421747e+00
   4.8978046e-01  -1.3405434e+00
   4.7112820e-01  -1.3447492e+00
   4.8020576e-01  -1.3425246e+00
   4.6950421e-01  -1.3471294e+00
   4.8204707e-01  -1.3485393e+00
   4.8716761e-01  -1.3513339e+00
  -4.4328074e-01  -1.3435659e+00
  -4.4385327e-01  -1.3519156e+00
  -4.4870378e-01  -1.2766576e+00
  -4.6217939e-01  -1.1649366e+00
  -4.6403489e-01  -1.0217278e+00
  -4.4525677e-01  -8.7547212e-01
  -4.4382368e-01  -7.3594242e-01
  -4.4364382e-01  -5.9388179e-01
  -4.4694329e-01  -4.5260324e-01
  -4.5997936e-01  -3.2662559e-01
  -4.5246790e-01  -2.1396347e-01
  -4.5530845e-01  -9.9135034e-02
  -4.4500238e-01  -8.0001823e-03
  -4.5889209e-01   8.6007903e-02
  -4.5264655e-01   1.6946337e-01
  -4.6246992e-01   2.4524401e-01
  -4.4862420e-01   3.2808598e-01
  -4.4211395e-01   3.8549439e-01
  -4.5663870e-01   4.4503134e-01
  -4.4961058e-01   4.9641178e-01
  -4.4744642e-01   5.5237616e-01
  -4.4562301e-01   5.9341521e-01
  -4.4031685e-01   6.3525503e-01
  -4.5661265e-01   6.7165353e-01
  -4.5046440e-01   7.0287964e-01
  -4.4032363e-01   7.3264291e-01
  -4.4135288e-01   7.6080678e-01
  -4.4659631e-01   7.8629163e-01
  -4.4022488e-01   8.0422287e-01
  -4.4061818e-01   8.2274133e-01
  -4.6275935e-01   8.3886648e-01
  -4.4965708e-01   8.6379000e-01
  -4.5787273e-01   8.8225277e-01
  -4.4563923e-01   8.9241188e-01
  -4.4433758e-01   9.0107241e-01
  -4.4925296e-01   9.2041952e-01
  -4.5603020e-01   9.3070725e-01
  -4.5691899e-01   9.3999554e-01
  -4.5200225e-01   9.5063595e-01
  -4.5249380e-01   9.5865123e-01
  -4.6288464e-01   9.6534616e-01
  -4.5466937e-01   9.6802031e-01
  -4.4267778e-01   9.7496372e-01
  -4.4153774e-01   9.8445271e-01
  -4.5467180e-01   9.8431174e-01
  -4.5148895e-01   9.8288794e-01
  -4.5251572e-01   9.8680705e-01
  -4.4390049e-01   9.9933549e-01
  -4.5692039e-01   9.9636973e-01
  -4.4354654e-01   1.0023055e+00
  -4.6084389e-01   1.0062826e+00
  -4.5796723e-01   1.0051427e+00
  -4.4387614e-01   1.0143730e+00
  -4.4852660e-01   1.0174700e+00
  -4.4723586e-01   1.0140205e+00
  -4.5413817e-01   1.0207615e+00
  -4.5396981e-01   1.0114390e+00
  -4.5551250e-01   1.0182273e+00
  -4.5138011e-01   1.0262828e+00
  -4.5684123e-01   1.0274691e+00
  -4.4600277e-01   1.0241549e+00
  -4.4839328e-01   1.0199425e+00
  -4.4889016e-01   1.0248729e+00
  -4.4695358e-01   1.0200250e+00
  -4.5938535e-01   1.0204420e+00
  -4.4791747e-01   1.0281523e+00
  -4.5160578e-01   1.0309225e+00
  -4.5827578e-01   1.0248409e+00
  -4.6385826e-01   1.0239159e+00
   6.4324509e-01   1.0329461e+00
   6.4354844e-01   1.0343888e+00
   6.3260518e-01   9.2440494e-01
   6.3397800e-01   7.6376556e-01
   6.4287128e-01   5.6042116e-01
   6.4563518e-01   3.5160483e-01
   6.4982759e-01   1.4867716e-01
   6.3239290e-01  -6.6493037e-02
   6.4151583e-01  -2.5473443e-01
   6.5158510e-01  -4.3876537e-01
   6.3180727e-01  -6.2177153e-01
   6.4272400e-01  -7.7342706e-01
   6.3125183e-01  -9.2546011e-01
   6.4112912e-01  -1.0541247e+00
   6.3227661e-01  -1.1732768e+00
   6.3836525e-01  -1.2916544e+00
   6.4864919e-01  -1.3976126e+00
   6.3425558e-01  -1.4835531e+00
   6.3232087e-01  -1.5639990e+00
   6.5059816e-01  -1.6481814e+00
   6.5001476e-01  -1.7161142e+00
   6.4295887e-01  -1.7871754e+00
   6.2821936e-01  -1.8417921e+00
   6.3346468e-01  -1.8938494e+00
   6.5163384e-01  -1.9404625e+00
   6.4650158e-01  -1.9910293e+00
   6.2791451e-01  -2.0188349e+00
   6.3989092e-01  -2.0661367e+00
   6.3871725e-01  -2.0873657e+00
   6.4654275e-01  -2.1166750e+00
   6.3918500e-01  -2.1501731e+00
   6.4332574e-01  -2.1810751e+00
   6.4860822e-01  -2.1917170e+00
   6.2839713e-01  -2.2182326e+00
   6.4164340e-01  -2.2395639e+00
   6.3081210e-01  -2.2500198e+00
   6.5055113e-01  -2.2659539e+00
   6.2819106e-01  -2.2861156e+00
   6.2848224e-01  -2.2950250e+00
   6.3043179e-01  -2.3091828e+00
   6.3395997e-01  -2.3149470e+00
   6.3185475e-01  -2.3223797e+00
   6.3124685e-01  -2.3332703e+00
   6.4135785e-01  -2.3460327e+00
   6.4445202e-01  -2.3479501e+00
   6.2839794e-01  -2.3643679e+00
   6.4703010e-01  -2.3576332e+00
   6.3298702e-01  -2.3658193e+00
   6.4561588e-01  -2.3772552e+00
   6.3958401e-01  -2.3745086e+00
   6.3526582e-01  -2.3872205e+00
   6.4010939e-01  -2.3914318e+00
   6.3132534e-01  -2.3871206e+00
   6.3937742e-01  -2.3966592e+00
   6.4086946e-01  -2.3951084e+00
   6.4189890e-01  -2.4024883e+00
   6.3708540e-01  -2.3944683e+00
   6.4988151e-01  -2.4035202e+00
   6.4121254e-01  -2.3974690e+00
   6.3817798e-01  -2.4015036e+00
   6.3280927e-01  -2.4086396e+00
   6.4453404e-01  -2.4106333e+00
   6.3763298e-01  -2.4047314e+00
   6.4952433e-01  -2.4148547e+00
   6.2894994e-01  -2.4075151e+00
   6.3858410e-01  -2.4196293e+00
   6.5136352e-01  -2.4160330e+00
   6.4291100e-01  -2.4173401e+00
   6.3513704e-01  -2.4156212e+00
  -2.4660813e-01  -2.4160618e+00
  -2.4085921e-01  -2.4117615e+00
  -2.3709709e-01  -2.3284743e+00
  -2.5188138e-01  -2.1909741e+00
  -2.4862249e-01  -2.0372276e+00
  -2.4795386e-01  -1.8541072e+00
  -2.5220093e-01  -1.6749593e+00
  -2.3737681e-01  -1.5085851e+00
  -2.3688242e-01  -1.3426155e+00
  -2.4057326e-01  -1.1915028e+00
  -2.4371741e-01  -1.0497399e+00
  -2.4435967e-01  -9.2518201e-01
  -2.5225616e-01  -8.0166841e-01
  -2.3228609e-01  -6.9323822e-01
  -2.3594710e-01  -5.8144684e-01
  -2.3785134e-01  -4.9288305e-01
  -2.5097211e-01  -4.1256038e-01
  -2.4412414e-01  -3.2862944e-01
  -2.2942729e-01  -2.5321822e-01
  -2.5287796e-01  -1.9014396e-01
  -2.2958390e-01  -1.4030856e-01
  -2.5020854e-01  -8.1600445e-02
  -2.4458140e-01  -3.2911795e-02
  -2.5296372e-01   7.1017091e-03
  -2.4733840e-01   4.5150496e-02
  -2.4132666e-01   9.1411454e-02
  -2.3769284e-01   1.2581000e-01
  -2.3496926e-01   1.4316827e-01
  -2.4217955e-01   1.7473507e-01
  -2.4129694e-01   2.0619239e-01
  -2.5059371e-01   2.3048812e-01
  -2.4774550e-01   2.3961056e-01
  -2.3249112e-01   2.6864240e-01
  -2.4703913e-01   2.7795539e-01
  -2.4895479e-01   2.9042809e-01
  -2.3546719e-01   3.0991905e-01
  -2.3677050e-01   3.2064438e-01
  -2.4905568e-01   3.4081250e-01
  -2.3910831e-01   3.4798112e-01
  -2.5235361e-01   3.5221060e-01
  -2.2919162e-01   3.6590853e-01
  -2.4145568e-01   3.7251266e-01
  -2.4264948e-01   3.7140188e-01
  -2.5123921e-01   3.8239590e-01
  -2.4734999e-01   3.9044800e-01
  -2.3076085e-01   3.8990125e-01
  -2.5075582e-01   3.9731139e-01
  -2.4109819e-01   4.1076408e-01
  -2.3304934e-01   4.1094279e-01
  -2.4779279e-01   4.1614569e-01
  -2.4650384e-01   4.1562512e-01
  -2.5249452e-01   4.2606449e-01
  -2.4655386e-01   4.2383241e-01
  -2.4423004e-01   4.2754845e-01
  -2.3069685e-01   4.2196103e-01
  -2.3981599e-01   4.2613347e-01
  -2.3782597e-01   4.2651130e-01
  -2.3252418e-01   4.3904177e-01
  -2.4800933e-01   4.3715143e-01
  -2.3216088e-01   4.3704357e-01
  -2.4536498e-01   4.4303207e-01
  -2.3929347e-01   4.3922559e-01
  -2.3443573e-01   4.3570856e-01
  -2.4335764e-01   4.4097387e-01
  -2.4429819e-01   4.4691059e-01
  -2.4853918e-01   4.4902500e-01
  -2.4103870e-01   4.4234484e-01
  -2.3545304e-01   4.4374375e-01
  -2.4907020e-01   4.4724432e-01
  -9.7138626e-02   4.5082536e-01
  -8.6243567e-02   4.4906679e-01
  -9.0823062e-02   4.4002307e-01
  -8.5755994e-02   4.2822938e-01
  -8.1867193e-02   4.1050589e-01
  -9.5253318e-02   3.9331714e-01
  -1.0054188e-01   3.6974786e-01
  -1.0104310e-01   3.6066969e-01
  -1.0153267e-01   3.3153859e-01
  -8.7271618e-02   3.2688660e-01
  -8.0394201e-02   3.0987946e-01
  -8.1917026e-02   2.9052605e-01
  -8.1295830e-02   2.8429218e-01
  -8.6580363e-02   2.6696021e-01
  -8.8660811e-02   2.6123283e-01
  -8.2456296e-02   2.4611481e-01
  -8.9377785e-02   2.4643140e-01
  -8.8537627e-02   2.3066168e-01
  -8.8294030e-02   2.3183883e-01
  -9.2500820e-02   2.1836268e-01
  -1.0134289e-01   2.1415732e-01
  -8.2789839e-02   2.0824959e-01
  -7.9385619e-02   2.0840408e-01
  -9.8062083e-02   2.0615506e-01
  -1.0280565e-01   1.9472846e-01
  -9.1002901e-02   1.8623967e-01
  -8.3213433e-02   1.9418402e-01
  -9.2856384e-02   1.9018166e-01
  -9.6560283e-02   1.8980042e-01
  -8.5592374e-02   1.8536884e-01
  -8.5548948e-02   1.8353050e-01
  -8.9532845e-02   1.7956563e-01
  -9.4567776e-02   1.7700030e-01
  -9.2223855e-02   1.7696947e-01
  -8.9661195e-02   1.7245768e-01
  -9.9443856e-02   1.7063303e-01
  -8.0251598e-02   1.7416469e-01
  -8.9515813e-02   1.6554121e-01
  -8.1311203e-02   1.6851160e-01
  -8.0039091e-02   1.6639650e-01
  -9.7970308e-02   1.6954037e-01
  -8.9528126e-02   1.6196459e-01
  -8.4003341e-02   1.6898405e-01
  -9.3928113e-02   1.6305740e-01
  -9.3170173e-02   1.5968304e-01
  -9.6972053e-02   1.5582862e-01
  -9.0276636e-02   1.6176694e-01
  -9.2258590e-02   1.6520707e-01
  -8.0568786e-02   1.6244952e-01
  -9.2777916e-02   1.5338130e-01
  -9.0913573e-02   1.6073269e-01
  -9.3614696e-02   1.6490015e-01
  -1.0115519e-01   1.5497566e-01
  -8.0699847e-02   1.5181765e-01
  -9.1288772e-02   1.5445182e-01
  -9.8263072e-02   1.6364972e-01
  -8.5593570e-02   1.5111528e-01
  -1.0132042e-01   1.5873254e-01
  -9.9840037e-02   1.6221431e-01
  -9.8627331e-02   1.6193682e-01
  -9.8964027e-02   1.5009716e-01
  -9.4996483e-02   1.5908271e-01
  -9.5987788e-02   1.6223247e-01
  -1.0238277e-01   1.5941291e-01
  -9.1802918e-02   1.5954033e-01
  -8.7393465e-02   1.5629116e-01
  -8.3579696e-02   1.4967517e-01
  -9.9748186e-02   1.5805683e-01
  -1.0134140e-01   1.5606678e-01
  -9.5382287e-01   1.5655223e-01
  -9.6892839e-01   1.5125794e-01
  -9.6239634e-01   2.5194551e-01
  -9.5865180e-01   4.1090849e-01
  -9.6529950e-01   6.1097646e-01
  -9.7171506e-01   8.0373662e-01
  -9.7219459e-01   1.0181125e+00
  -9.5786216e-01   1.2037355e+00
  -9.6091642e-01   1.4047173e+00
  -9.6901494e-01   1.5710455e+00
  -9.6722251e-01   1.7382778e+00
  -9.6685408e-01   1.9034576e+00
  -9.7261150e-01   2.0387908e+00
  -9.5591283e-01   2.1622066e+00
  -9.6005372e-01   2.2808663e+00
  -9.6877734e-01   2.3926775e+00
  -9.5580784e-01   2.4869220e+00
  -9.7266674e-01   2.5826933e+00
  -9.7327687e-01   2.6664030e+00
  -9.7262412e-01   2.7458641e+00
  -9.5346677e-01   2.8017011e+00
  -9.6731944e-01   2.8678553e+00
  -9.5038060e-01   2.9304552e+00
  -9.6619852e-01   2.9709279e+00
  -9.5188603e-01   3.0206672e+00
  -9.5217250e-01   3.0615491e+00
  -9.5449914e-01   3.1001488e+00
  -9.6699159e-01   3.1444011e+00
  -9.7246388e-01   3.1694123e+00
  -9.6597506e-01   3.1950636e+00
  -9.6412519e-01   3.2313642e+00
  -9.5592895e-01   3.2502814e+00
  -9.5172540e-01   3.2726373e+00
  -9.6979489e-01   3.2935827e+00
  -9.6617022e-01   3.3045264e+00
  -9.5107323e-01   3.3236187e+00
  -9.5491788e-01   3.3411290e+00
  -9.5194644e-01   3.3532231e+00
  -9.7270412e-01   3.3584744e+00
  -9.6375576e-01   3.3746397e+00
  -9.6495867e-01   3.3926073e+00
  -9.5843655e-01   3.3904841e+00
  -9.6753635e-01   3.4101251e+00
  -9.5068567e-01   3.4146088e+00
  -9.7206797e-01   3.4183259e+00
  -9.7216270e-01   3.4220704e+00
  -9.7282460e-01   3.4262170e+00
  -9.5289750e-01   3.4380194e+00
  -9.5308800e-01   3.4471297e+00
  -9.6829138e-01   3.4514784e+00
  -9.5107856e-01   3.4432620e+00
  -9.7275598e-01   3.4555453e+00
  -9.7221538e-01   3.4506556e+00
  -9.5011836e-01   3.4598037e+00
  -9.6056867e-01   3.4592140e+00
  -9.6659137e-01   3.4597804e+00
  -9.4970229e-01   3.4693730e+00
  -9.6147640e-01   3.4681251e+00
  -9.7192757e-01   3.4705373e+00
  -9.6468718e-01   3.4769552e+00
  -9.5473508e-01   3.4743475e+00
  -9.5473437e-01   3.4728460e+00
  -9.6751716e-01   3.4807586e+00
  -9.6798704e-01   3.4737516e+00
  -9.5240751e-01   3.4825124e+00
  -9.5802178e-01   3.4818801e+00
  -9.6413831e-01   3.4742700e+00
  -9.7145689e-01   3.4866562e+00
  -9.5973896e-01   3.4739418e+00
   4.7162075e-01   3.4831379e+00
   4.6836940e-01   3.4828532e+00
   4.6917473e-01   3.3402198e+00
   4.6871976e-01   3.1052243e+00
   4.6555813e-01   2.8443895e+00
   4.6176911e-01   2.5460610e+00
   4.7491658e-01   2.2574711e+00
   4.6096979e-01   1.9694915e+00
   4.7416408e-01   1.7046328e+00
   4.6038463e-01   1.4519825e+00
   4.5757683e-01   1.2043959e+00
   4.6442218e-01   9.8611166e-01
   4.5852828e-01   7.8182983e-01
   4.7889032e-01   6.0648875e-01
   4.7211005e-01   4.2613818e-01
   4.7111180e-01   2.7014987e-01
   4.7097198e-01   1.3740229e-01
   4.6242991e-01   8.0945439e-03
   4.7159077e-01  -1.1034916e-01
   4.7316921e-01  -2.1225770e-01
   4.5961937e-01  -3.1132292e-01
   4.7200817e-01  -4.0281569e-01
   4.6810406e-01  -4.8892600e-01
   4.6837257e-01  -5.5880388e-01
   4.5820100e-01  -6.1946811e-01
   4.7087481e-01  -6.8186223e-01
   4.6944029e-01  -7.3901911e-01
   4.7792650e-01  -7.9651194e-01
   4.6887221e-01  -8.3743998e-01
   4.7113358e-01  -8.7669749e-01
   4.7416768e-01  -9.1535714e-01
   4.6561886e-01  -9.5089926e-01
   4.7850580e-01  -9.7427254e-01
   4.7549509e-01  -1.0113289e+00
   4.6473583e-01  -1.0396731e+00
   4.6728112e-01  -1.0626699e+00
   4.5930311e-01  -1.0845727e+00
   4.6116852e-01  -1.0974248e+00
   4.6826557e-01  -1.1089560e+00
   4.6985431e-01  -1.1278898e+00
   4.6511429e-01  -1.1493690e+00
   4.8091802e-01  -1.1520427e+00
   4.5854424e-01  -1.1742233e+00
   4.7707385e-01  -1.1769057e+00
   4.8006319e-01  -1.1921959e+00
   4.6626916e-01  -1.1958229e+00
   4.7467324e-01  -1.2068864e+00
   4.6027771e-01  -1.2101633e+00
   4.7620769e-01  -1.2161501e+00
   4.6814945e-01  -1.2349732e+00
   4.6422506e-01  -1.2344318e+00
   4.6530722e-01  -1.2380447e+00
   4.7128708e-01  -1.2406605e+00
   4.6957303e-01  -1.2547440e+00
   4.7139761e-01  -1.2472765e+00
   4.7249628e-01  -1.2504763e+00
   4.6927252e-01  -1.2613445e+00
   4.8046595e-01  -1.2621057e+00
   4.7803212e-01  -1.2616135e+00
   4.6298486e-01  -1.2679388e+00
   4.7981943e-01  -1.2680779e+00
   4.7407694e-01  -1.2644921e+00
   4.7593952e-01  -1.2676386e+00
   4.6636624e-01  -1.2705984e+00
   4.7860062e-01  -1.2751406e+00
   4.6276276e-01  -1.2831085e+00
   4.7159605e-01  -1.2822665e+00
   4.7467310e-01  -1.2766207e+00
   4.8029119e-01  -1.2782576e+00
   2.8310324e-02  -1.2775785e+00
   3.6266703e-02  -1.2800811e+00
   3.2209576e-02  -1.2454838e+00
   2.4467405e-02  -1.1849978e+00
   1.5884179e-02  -1.1165680e+00
   2.3484371e-02  -1.0426013e+00
   3.7702145e-02  -9.7061140e-01
   2.7067137e-02  -8.9060082e-01
   1.5745472e-02  -8.2440065e-01
   1.8961936e-02  -7.5094345e-01
   3.8896655e-02  -6.9192179e-01
   2.0538260e-02  -6.3802788e-01
   1.8693776e-02  -5.9081493e-01
   2.7634855e-02  -5.3156575e-01
   1.6792616e-02  -4.9388103e-01
   3.6262219e-02  -4.5254806e-01
   2.1941477e-02  -4.1720112e-01
   2.8600645e-02  -3.8684461e-01
   3.9273091e-02  -3.5872985e-01
   2.7567047e-02  -3.2468227e-01
   2.8190289e-02  -2.9910966e-01
   3.1185283e-02  -2.8023342e-01
   3.5524499e-02  -2.5631384e-01
   3.1796995e-02  -2.4108478e-01
   3.2835539e-02  -2.1912396e-01
   3.3691625e-02  -2.0792149e-01
   3.2917808e-02  -1.9527766e-01
   2.2257565e-02  -1.7347758e-01
   3.4614840e-02  -1.5993191e-01
   3.3095770e-02  -1.4860633e-01
   3.4147630e-02  -1.4865474e-01
   3.3968378e-02  -1.3082997e-01
   1.8209792e-02  -1.2726908e-01
   3.0324182e-02  -1.1285059e-01
   3.7309056e-02  -1.1578422e-01
   3.4941859e-02  -1.0252243e-01
   2.3159369e-02  -9.5012998e-02
   2.8803348e-02  -1.0269497e-01
   2.6606221e-02  -8.7047900e-02
   2.6124960e-02  -8.7592083e-02
   2.5932405e-02  -8.6677474e-02
   3.0127149e-02  -8.0677216e-02
   3.2182607e-02  -7.1577175e-02
   2.9427259e-02  -7.8959005e-02
   2.9557037e-02  -6.6750398e-02
   2.3121842e-02  -7.6562662e-02
   2.9451089e-02  -6.1917210e-02
   3.1495639e-02  -7.0867156e-02
   2.1784084e-02  -6.5997474e-02
   1.6023192e-02  -5.8991882e-02
   3.5796410e-02  -6.1059653e-02
   3.4646606e-02  -6.0209044e-02
   2.5080512e-02  -6.4047777e-02
   1.9635012e-02  -5.8917017e-02
   3.9011411e-02  -5.1551571e-02
   3.9121530e-02  -5.2757535e-02
   1.7704468e-02  -5.9260731e-02
   3.8284801e-02  -6.0449037e-02
   3.2882143e-02  -5.4385954e-02
   3.2054436e-02  -5.2831942e-02
   2.5182651e-02  -4.8774352e-02
   1.9793395e-02  -5.4583677e-02
   3.9208792e-02  -5.8039690e-02
   3.0613836e-02  -5.2629197e-02
   2.7753103e-02  -5.0967610e-02
   3.9434837e-02  -5.6634254e-02
   3.6095989e-02  -4.6170106e-02
   1.5887271e-02  -4.4221990e-02
   2.1952995e-02  -4.4328689e-02
   5.9671513e-01  -4.8397810e-02
   6.0303261e-01  -5.4986214e-02
   6.1083559e-01  -1.0733990e-01
   6.1886347e-01  -2.1813573e-01
   6.1559223e-01  -3.3923561e-01
   5.9588233e-01  -4.6047685e-01
   6.0702295e-01  -5.9043087e-01
   6.0960321e-01  -7.2064572e-01
   6.0726564e-01  -8.4084223e-01
   5.9658980e-01  -9.5320304e-01
   6.0975702e-01  -1.0555320e+00
   6.0216933e-01  -1.1468544e+00
   6.0332713e-01  -1.2467620e+00
   6.1718332e-01  -1.3253775e+00
   6.1922389e-01  -1.3996872e+00
   6.1613968e-01  -1.4756090e+00
   5.9843763e-01  -1.5273926e+00
   5.9703907e-01  -1.5855965e+00
   5.9765628e-01  -1.6371126e+00
   5.9897376e-01  -1.6924710e+00
   6.1318575e-01  -1.7342373e+00
   5.9974845e-01  -1.7769697e+00
   6.1638481e-01  -1.8053031e+00
   5.9792568e-01  -1.8432265e+00
   6.0754118e-01  -1.8744902e+00
   6.0924187e-01  -1.8983775e+00
   6.0689592e-01  -1.9196672e+00
   6.0499977e-01  -1.9389829e+00
   6.1377845e-01  -1.9551427e+00
   5.9659378e-01  -1.9766038e+00
   6.0015031e-01  -1.9898155e+00
   6.1307606e-01  -2.0081885e+00
   6.1275546e-01  -2.0284487e+00
   6.0476010e-01  -2.0312506e+00
   5.9843796e-01  -2.0456797e+00
   6.0764996e-01  -2.0585737e+00
   6.1063062e-01  -2.0647458e+00
   5.9915193e-01  -2.0783823e+00
   6.0102883e-01  -2.0856411e+00
   6.0063052e-01  -2.0860838e+00
   6.0918592e-01  -2.0987081e+00
   6.0749163e-01  -2.1061228e+00
   5.9990933e-01  -2.1077652e+00
   6.0740892e-01  -2.1218495e+00
   6.1428591e-01  -2.1262238e+00
   6.0499639e-01  -2.1249614e+00
   6.0359563e-01  -2.1226817e+00
   6.0522945e-01  -2.1239087e+00
   6.1295700e-01  -2.1384706e+00
   6.1436599e-01  -2.1393007e+00
   5.9856994e-01  -2.1324351e+00
   6.0642789e-01  -2.1337438e+00
   6.1908209e-01  -2.1411800e+00
   6.1566887e-01  -2.1393836e+00
   6.1417046e-01  -2.1501183e+00
   6.0254571e-01  -2.1424113e+00
   5.9926158e-01  -2.1527967e+00
   6.0919101e-01  -2.1488163e+00
   6.1076184e-01  -2.1508361e+00
   6.0916721e-01  -2.1499024e+00
   6.1836822e-01  -2.1545922e+00
   6.0586599e-01  -2.1513624e+00
   6.1252407e-01  -2.1496103e+00
   6.0618263e-01  -2.1595206e+00
   5.9871816e-01  -2.1591329e+00
   6.1114992e-01  -2.1532355e+00
   6.0013654e-01  -2.1595384e+00
   6.1678039e-01  -2.1528759e+00
   6.1943355e-01  -2.1595036e+00
  -7.0980714e-01  -2.1589561e+00
  -7.1273630e-01  -2.1644664e+00
  -7.1560841e-01  -2.0323535e+00
  -7.1790314e-01  -1.8223109e+00
  -7.0938998e-01  -1.5762224e+00
  -7.0472702e-01  -1.3227534e+00
  -7.1971740e-01  -1.0554485e+00
  -7.0648593e-01  -8.1420707e-01
  -7.0381934e-01  -5.6640310e-01
  -7.2478112e-01  -3.3251093e-01
  -7.2161409e-01  -1.2785103e-01
  -7.2386919e-01   6.7064005e-02
  -7.1646689e-01   2.5709825e-01
  -7.2153505e-01   4.2757689e-01
  -7.1760039e-01   5.7171555e-01
  -7.1196847e-01   7.0999466e-01
  -7.2315273e-01   8.3528829e-01
  -7.0301295e-01   9.5049697e-01
  -7.2437903e-01   1.0581633e+00
  -7.0837860e-01   1.1482948e+00
  -7.0609853e-01   1.2428722e+00
  -7.1867535e-01   1.3157075e+00
  -7.0853153e-01   1.3909733e+00
  -7.1079670e-01   1.4573692e+00
  -7.0229005e-01   1.5245131e+00
  -7.2441192e-01   1.5683522e+00
  -7.0580765e-01   1.6151615e+00
  -7.1130896e-01   1.6676585e+00
  -7.0904625e-01   1.7085684e+00
  -7.0646329e-01   1.7399817e+00
  -7.0608046e-01   1.7756011e+00
  -7.0634758e-01   1.8042462e+00
  -7.2280559e-01   1.8387167e+00
  -7.2094218e-01   1.8584227e+00
  -7.1679758e-01   1.8808282e+00
  -7.1128266e-01   1.9089513e+00
  -7.2095629e-01   1.9310761e+00
  -7.0859259e-01   1.9486465e+00
  -7.1655477e-01   1.9649473e+00
  -7.0186863e-01   1.9725147e+00
  -7.0332171e-01   1.9807970e+00
  -7.1816781e-01   1.9932872e+00
  -7.1669307e-01   2.0135446e+00
  -7.0605857e-01   2.0221675e+00
  -7.0105585e-01   2.0276932e+00
  -7.0125660e-01   2.0288483e+00
  -7.0898098e-01   2.0470965e+00
  -7.1970579e-01   2.0502422e+00
  -7.0484138e-01   2.0514208e+00
  -7.0764641e-01   2.0578827e+00
  -7.0479181e-01   2.0649941e+00
  -7.1112312e-01   2.0687069e+00
  -7.0651977e-01   2.0749067e+00
  -7.2430081e-01   2.0846984e+00
  -7.0239437e-01   2.0874071e+00
  -7.1636060e-01   2.0827534e+00
  -7.1505573e-01   2.0911289e+00
  -7.0519619e-01   2.0884912e+00
  -7.0311821e-01   2.0883094e+00
  -7.0247896e-01   2.0961140e+00
  -7.1237231e-01   2.1003430e+00
  -7.1941731e-01   2.1002834e+00
  -7.2387748e-01   2.1018827e+00
  -7.1357100e-01   2.0965118e+00
  -7.2391201e-01   2.1043105e+00
  -7.2092323e-01   2.1062818e+00
  -7.1783649e-01   2.1025588e+00
  -7.1348747e-01   2.0998373e+00
  -7.1399932e-01   2.1115093e+00
  -7.4621671e-01   2.1061982e+00
  -7.4334087e-01   2.1017704e+00
  -7.2668867e-01   2.1056110e+00
  -7.4049367e-01   2.1184051e+00
  -7.3716933e-01   2.1295773e+00
  -7.4464892e-01   2.1359259e+00
  -7.2542800e-01   2.1393992e+00
  -7.2624395e-01   2.1485915e+00
  -7.3505918e-01   2.1606607e+00
  -7.4175244e-01   2.1630796e+00
  -7.4820171e-01   2.1638338e+00
  -7.2869304e-01   2.1780832e+00
  -7.3839526e-01   2.1821832e+00
  -7.4504440e-01   2.1823081e+00
  -7.4346772e-01   2.1967089e+00
  -7.4256245e-01   2.1906831e+00
  -7.2695215e-01   2.2017906e+00
  -7.3045055e-01   2.2074466e+00
  -7.4146681e-01   2.1987774e+00
  -7.3155583e-01   2.2086745e+00
  -7.4750284e-01   2.2138736e+00
  -7.4591518e-01   2.2178083e+00
  -7.2662484e-01   2.2091763e+00
  -7.3439352e-01   2.2170840e+00
  -7.2784213e-01   2.2116067e+00
  -7.2851394e-01   2.2136956e+00
  -7.3266050e-01   2.2171226e+00
  -7.3927314e-01   2.2246554e+00
  -7.4314700e-01   2.2187085e+00
  -7.2533998e-01   2.2248484e+00
  -7.4851059e-01   2.2207624e+00
  -7.4840137e-01   2.2298607e+00
  -7.3436560e-01   2.2253268e+00
  -7.2636193e-01   2.2266274e+00
  -7.2816908e-01   2.2264341e+00
  -7.4605337e-01   2.2298246e+00
  -7.2927664e-01   2.2285644e+00
  -7.3356484e-01   2.2287389e+00
  -7.4784948e-01   2.2352739e+00
  -7.3569745e-01   2.2320455e+00
  -7.2539633e-01   2.2330947e+00
  -7.3851452e-01   2.2304155e+00
  -7.3277123e-01   2.2325677e+00
  -7.4511197e-01   2.2359313e+00
  -7.3623171e-01   2.2375901e+00
  -7.4765406e-01   2.2366571e+00
  -7.3914431e-01   2.2292259e+00
  -7.3416553e-01   2.2386259e+00
  -7.4619885e-01   2.2294226e+00
  -7.3527961e-01   2.2339011e+00
  -7.2722544e-01   2.2281897e+00
  -7.3063189e-01   2.2407585e+00
  -7.4626484e-01   2.2380778e+00
  -7.2690267e-01   2.2380582e+00
  -7.3395706e-01   2.2308685e+00
  -7.2746428e-01   2.2322393e+00
  -7.4018654e-01   2.2300420e+00
  -7.2734530e-01   2.2404526e+00
  -7.3779288e-01   2.2304686e+00
  -7.4550014e-01   2.2370485e+00
  -7.4856227e-01   2.2415765e+00
  -7.3933943e-01   2.2374732e+00
  -7.4861100e-01   2.2344743e+00
  -7.4025545e-01   2.2356044e+00
  -7.4380437e-01   2.2378951e+00
  -7.2511874e-01   2.2384564e+00
  -7.3848274e-01   2.2396289e+00
  -7.3665389e-01   2.2347816e+00
  -7.2558599e-01   2.2309746e+00
   1.4851049e-01   2.2332984e+00
   1.4850023e-01   2.2412450e+00
   1.5365156e-01   2.1643158e+00
   1.4255839e-01   2.0422187e+00
   1.4955399e-01   1.8982195e+00
   1.4608894e-01   1.7406308e+00
   1.5118210e-01   1.5965296e+00
   1.4334189e-01   1.4505402e+00
   1.4054143e-01   1.3033421e+00
   1.5522305e-01   1.1657369e+00
   1.3662750e-01   1.0512502e+00
   1.5606480e-01   9.2472611e-01
   1.5678866e-01   8.3053441e-01
   1.5107407e-01   7.2535441e-01
   1.5907675e-01   6.3292673e-01
   1.3946794e-01   5.5486624e-01
   1.5909768e-01   4.8705694e-01
   1.4034068e-01   4.1044718e-01
   1.4774009e-01   3.5197023e-01
   1.5812365e-01   3.0086774e-01
   1.5213535e-01   2.4907825e-01
   1.4071389e-01   2.0510546e-01
   1.5901154e-01   1.6164204e-01
   1.5957476e-01   1.2756952e-01
   1.3651337e-01   9.1376855e-02
   1.4681568e-01   5.0811337e-02
   1.5481067e-01   1.9952543e-02
   1.4342288e-01  -5.1222696e-03
   1.3574576e-01  -1.9203339e-02
   1.4923424e-01  -5.1581970e-02
   1.3877743e-01  -6.0192458e-02
   1.5043162e-01  -7.8464086e-02
   1.3808830e-01  -9.5830564e-02
   1.5349048e-01  -1.2109576e-01
   1.4000376e-01  -1.3365502e-01
   1.3642275e-01  -1.4234513e-01
   1.5154803e-01  -1.4841044e-01
   1.5054731e-01  -1.5868671e-01
   1.5070202e-01  -1.6770819e-01
   1.3991203e-01  -1.7366951e-01
   1.4585467e-01  -1.8689289e-01
   1.3981637e-01  -1.9874280e-01
   1.5584834e-01  -2.0169556e-01
   1.3830128e-01  -2.1140754e-01
   1.5110279e-01  -2.1131147e-01
   1.5486868e-01  -2.1444044e-01
   1.5829541e-01  -2.2690902e-01
   1.3676289e-01  -2.2960500e-01
   1.4788570e-01  -2.3079148e-01
   1.5718341e-01  -2.2971066e-01
   1.4224248e-01  -2.3981462e-01
   1.5793085e-01  -2.3070643e-01
   1.5121428e-01  -2.3268612e-01
   1.5024529e-01  -2.4503910e-01
   1.4942248e-01  -2.4251490e-01
   1.4272605e-01  -2.4923465e-01
   1.5735108e-01  -2.3991052e-01
   1.3742569e-01  -2.4747056e-01
   1.3984040e-01  -2.4877503e-01
   1.3641891e-01  -2.4559682e-01
   1.5595309e-01  -2.5076355e-01
   1.5217596e-01  -2.4835735e-01
   1.5811156e-01  -2.4997361e-01
   1.4414953e-01  -2.5533195e-01
   1.3670530e-01  -2.5235185e-01
   1.4446770e-01  -2.5643724e-01
   1.4229433e-01  -2.5656519e-01
   1.5363226e-01  -2.5780545e-01
   1.4658804e-01  -2.5470960e-01
   7.4712379e-01  -2.6133362e-01
   7.4235734e-01  -2.6298946e-01
   7.4276010e-01  -3.4636025e-01
   7.3330761e-01  -5.0249656e-01
   7.2676322e-01  -6.8172308e-01
   7.3038619e-01  -8.5870597e-01
   7.3638399e-01  -1.0488751e+00
   7.2584785e-01  -1.2435697e+00
   7.4209851e-01  -1.4116132e+00
   7.2729375e-01  -1.5839964e+00
   7.4206825e-01  -1.7419969e+00
   7.4184718e-01  -1.8835210e+00
   7.2732123e-01  -2.0159238e+00
   7.4731088e-01  -2.1315970e+00
   7.4445060e-01  -2.2356168e+00
   7.3691375e-01  -2.3366369e+00
   7.4332791e-01  -2.4346053e+00
   7.3184177e-01  -2.5150087e+00
   7.2778879e-01  -2.5877574e+00
   7.4067295e-01  -2.6581961e+00
   7.3902097e-01  -2.7224959e+00
   7.2488959e-01  -2.7884532e+00
   7.3618581e-01  -2.8371553e+00
   7.2853427e-01  -2.8835338e+00
   7.4743362e-01  -2.9329595e+00
   7.3677901e-01  -2.9717701e+00
   7.3653668e-01  -2.9968258e+00
   7.4563826e-01  -3.0322998e+00
   7.3326745e-01  -3.0694408e+00
   7.3683500e-01  -3.0847755e+00
   7.4703308e-01  -3.1186489e+00
   7.2784523e-01  -3.1383547e+00
   7.2909349e-01  -3.1545660e+00
   7.4355957e-01  -3.1696184e+00
   7.3393019e-01  -3.1974739e+00
   7.3199561e-01  -3.2107793e+00
   7.3599024e-01  -3.2174811e+00
   7.4802299e-01  -3.2370548e+00
   7.3255377e-01  -3.2465683e+00
   7.3210403e-01  -3.2536626e+00
   7.4635841e-01  -3.2680828e+00
   7.3032284e-01  -3.2677954e+00
   7.3933932e-01  -3.2841309e+00
   7.4764754e-01  -3.2896167e+00
   7.2470374e-01  -3.2972859e+00
   7.3273626e-01  -3.3003931e+00
   7.3744606e-01  -3.3025462e+00
   7.4795808e-01  -3.3115961e+00
   7.4087609e-01  -3.3082195e+00
   7.2722434e-01  -3.3140873e+00
   7.4707524e-01  -3.3176712e+00
   7.2880530e-01  -3.3253316e+00
   7.3847882e-01  -3.3324423e+00
   7.4163847e-01  -3.3294086e+00
   7.3085079e-01  -3.3271475e+00
   7.4163529e-01  -3.3407586e+00
   7.3592954e-01  -3.3373788e+00
   7.3620602e-01  -3.3464669e+00
   7.4012743e-01  -3.3432403e+00
   7.4216971e-01  -3.3433746e+00
   7.3114516e-01  -3.3403516e+00
   7.3501196e-01  -3.3487755e+00
   7.3693730e-01  -3.3530362e+00
   7.4337463e-01  -3.3532166e+00
   7.2519641e-01  -3.3519316e+00
   7.4384003e-01  -3.3534758e+00
   7.2569184e-01  -3.3473689e+00
   7.2989423e-01  -3.3577655e+00
   7.3697852e-01  -3.3537135e+00
   3.0631317e-01  -3.3521033e+00
   3.1666799e-01  -3.3466287e+00
   3.0724841e-01  -3.2728037e+00
   3.0781384e-01  -3.1448219e+00
   3.0628930e-01  -2.9819773e+00
   3.0733328e-01  -2.8298471e+00
   3.0916287e-01  -2.6621626e+00
   2.9810631e-01  -2.4907887e+00
   3.0406285e-01  -2.3472244e+00
   3.0443434e-01  -2.1991063e+00
   3.0066452e-01  -2.0603515e+00
   3.1450204e-01  -1.9351805e+00
   2.9747559e-01  -1.8294751e+00
   3.0308871e-01  -1.7237384e+00
   3.1700207e-01  -1.6254130e+00
   3.0447456e-01  -1.5368867e+00
   2.9583331e-01  -1.4525828e+00
   3.0017367e-01  -1.3737708e+00
   2.9461840e-01  -1.3184577e+00
   3.0932452e-01  -1.2576521e+00
   3.0994564e-01  -1.2033786e+00
   3.0001631e-01  -1.1451852e+00
   3.1356315e-01  -1.0979704e+00
   3.0751818e-01  -1.0667532e+00
   3.0128179e-01  -1.0186334e+00
   3.1652791e-01  -9.9429989e-01
   3.0987741e-01  -9.5812960e-01
   2.9800273e-01  -9.3539892e-01
   3.1495699e-01  -9.0896893e-01
   2.9606656e-01  -8.7494067e-01
   2.9680448e-01  -8.5346007e-01
   2.9600280e-01  -8.3508134e-01
   2.9625797e-01  -8.2167332e-01
   3.1238142e-01  -8.0067962e-01
   2.9443650e-01  -7.9221092e-01
   3.1256877e-01  -7.8184384e-01
   2.9772669e-01  -7.6917969e-01
   2.9359113e-01  -7.5562184e-01
   2.9764313e-01  -7.4981376e-01
   2.9986413e-01  -7.4165670e-01
   2.9954562e-01  -7.3073136e-01
   3.1519021e-01  -7.2385391e-01
   3.0696104e-01  -7.0683129e-01
   2.9488212e-01  -7.0138611e-01
   3.0309436e-01  -7.0273359e-01
   3.0661131e-01  -6.9941358e-01
   2.9583662e-01  -6.9429855e-01
   3.0793319e-01  -6.9185935e-01
   3.1112312e-01  -6.7715380e-01
   2.9577678e-01  -6.8193448e-01
   3.0315665e-01  -6.7102258e-01
   3.1228258e-01  -6.7884990e-01
   3.1101062e-01  -6.6530000e-01
   2.9306433e-01  -6.7454317e-01
   2.9631094e-01  -6.6076448e-01
   3.1081419e-01  -6.6286073e-01
   3.1033402e-01  -6.5728552e-01
   2.9468411e-01  -6.6600344e-01
   2.9439522e-01  -6.5368173e-01
   3.0414413e-01  -6.5879079e-01
   3.0822802e-01  -6.5573900e-01
   3.1245319e-01  -6.5049240e-01
   2.9494583e-01  -6.4893920e-01
   3.1235624e-01  -6.4959219e-01
   2.9836798e-01  -6.5855279e-01
   2.9378797e-01  -6.5406472e-01
   3.0502321e-01  -6.5232057e-01
   3.1264895e-01  -6.4886349e-01
   3.1606265e-01  -6.5599738e-01
  -3.6899770e-01  -6.5084420e-01
  -3.7727471e-01  -6.4236220e-01
  -3.7489788e-01  -5.9944989e-01
  -3.6416941e-01  -5.3808286e-01
  -3.6334218e-01  -4.6157595e-01
  -3.7505033e-01  -3.6574607e-01
  -3.6995899e-01  -2.8170487e-01
  -3.7349401e-01  -2.0543679e-01
  -3.7135559e-01  -1.2303013e-01
  -3.5877975e-01  -4.1189190e-02
  -3.6453941e-01   2.9809291e-02
  -3.7147237e-01   9.7010357e-02
  -3.7109316e-01   1.5174494e-01
  -3.7402293e-01   2.0278538e-01
  -3.6298410e-01   2.5972435e-01
  -3.7040587e-01   3.0043260e-01
  -3.6859724e-01   3.5091813e-01
  -3.6014189e-01   3.8590471e-01
  -3.7748888e-01   4.2396160e-01
  -3.5680367e-01   4.5329405e-01
  -3.7252377e-01   4.7916522e-01
  -3.6214335e-01   5.0735874e-01
  -3.7514852e-01   5.2334293e-01
  -3.6067954e-01   5.4806380e-01
  -3.6790949e-01   5.7176892e-01
  -3.7411377e-01   5.8224843e-01
  -3.5853959e-01   6.1057699e-01
  -3.5585461e-01   6.2274268e-01
  -3.5468192e-01   6.3573472e-01
  -3.6213451e-01   6.4648805e-01
  -3.7235375e-01   6.5766544e-01
  -3.7323050e-01   6.6465150e-01
  -3.6905791e-01   6.7218031e-01
  -3.5473690e-01   6.8641960e-01
  -3.6616836e-01   6.9244510e-01
  -3.6684022e-01   6.9585787e-01
  -3.6034874e-01   6.9869894e-01
  -3.7597376e-01   7.1403697e-01
  -3.5584553e-01   7.1121506e-01
  -3.5763028e-01   7.2555408e-01
  -3.7385186e-01   7.2062274e-01
  -3.6220711e-01   7.2903871e-01
  -3.7573548e-01   7.3007772e-01
  -3.7209153e-01   7.3375747e-01
  -3.7147079e-01   7.4364661e-01
  -3.7008514e-01   7.4542660e-01
  -3.6262931e-01   7.3599672e-01
  -3.5602926e-01   7.4096307e-01
  -3.7762004e-01   7.4455806e-01
  -3.7423040e-01   7.4963955e-01
  -3.7341041e-01   7.4835708e-01
  -3.5794499e-01   7.4927497e-01
  -3.5451437e-01   7.4941091e-01
  -3.6751686e-01   7.5451929e-01
  -3.5797038e-01   7.4980402e-01
  -3.6405933e-01   7.5725437e-01
  -3.6979461e-01   7.6359815e-01
  -3.5505360e-01   7.5496136e-01
  -3.6983016e-01   7.5814059e-01
  -3.5896913e-01   7.5766335e-01
  -3.7489417e-01   7.5774115e-01
  -3.7591185e-01   7.5965558e-01
  -3.7724263e-01   7.6665376e-01
  -3.5472718e-01   7.6127630e-01
  -3.5673781e-01   7.6573883e-01
  -3.6137612e-01   7.6103575e-01
  -3.6227221e-01   7.6910620e-01
  -3.5684221e-01   7.6864758e-01
  -3.7033202e-01   7.5996574e-01
   5.0878040e-01   7.6160849e-01
   4.9889454e-01   7.5866376e-01
   4.9978339e-01   6.9032782e-01
   5.0519443e-01   5.8121681e-01
   4.9976190e-01   4.6162463e-01
   5.1815750e-01   3.1327872e-01
   5.1270899e-01   1.8154326e-01
   5.1745656e-01   4.6975102e-02
   5.2115811e-01  -8.8583020e-02
   5.0188221e-01  -2.0953781e-01
   5.1193637e-01  -3.2689356e-01
   5.0174954e-01  -4.2030765e-01
   5.1425941e-01  -5.2715015e-01
   5.1476755e-01  -6.1842665e-01
   5.0260822e-01  -6.8855722e-01
   5.2158835e-01  -7.7302064e-01
   5.0665026e-01  -8.3596370e-01
   5.2233293e-01  -9.0122326e-01
   5.2101851e-01  -9.5139463e-01
   5.0309070e-01  -9.9811953e-01
   5.0017435e-01  -1.0467510e+00
   5.0106015e-01  -1.0929300e+00
   5.0964131e-01  -1.1357178e+00
   5.1378537e-01  -1.1694915e+00
   5.1229277e-01  -1.2021568e+00
   5.1570942e-01  -1.2307459e+00
   5.1964858e-01  -1.2586896e+00
   5.0507151e-01  -1.2748886e+00
   5.0879155e-01  -1.2993101e+00
   4.9948714e-01  -1.3249749e+00
   5.2155712e-01  -1.3345391e+00
   5.1323113e-01  -1.3572076e+00
   5.0106082e-01  -1.3719670e+00
   5.2130055e-01  -1.3862811e+00
   5.1698247e-01  -1.3985773e+00
   5.2255031e-01  -1.3996850e+00
   5.1446352e-01  -1.4193720e+00
   5.1554290e-01  -1.4234013e+00
   5.1000509e-01  -1.4357050e+00
   4.9903649e-01  -1.4360220e+00
   4.9939796e-01  -1.4435273e+00
   5.0824437e-01  -1.4565177e+00
   5.1424163e-01  -1.4571533e+00
   5.0537450e-01  -1.4637834e+00
   5.1796892e-01  -1.4627821e+00
   5.0560880e-01  -1.4716019e+00
   5.1903305e-01  -1.4764868e+00
   5.0206865e-01  -1.4859309e+00
   5.2166501e-01  -1.4790173e+00
   4.9959510e-01  -1.4857740e+00
   5.0858856e-01  -1.4884788e+00
   5.1936755e-01  -1.4874671e+00
   5.0273205e-01  -1.4877730e+00
   5.2057381e-01  -1.5001924e+00
   4.9996996e-01  -1.4993269e+00
   5.0783464e-01  -1.4982459e+00
   5.0568146e-01  -1.4941260e+00
   5.1525392e-01  -1.4973899e+00
   5.0236421e-01  -1.5060125e+00
   5.1047257e-01  -1.5072061e+00
   5.1963601e-01  -1.5051924e+00
   5.1506863e-01  -1.5005402e+00
   5.0945303e-01  -1.5063994e+00
   5.0850004e-01  -1.5042685e+00
   5.1840528e-01  -1.5079461e+00
   5.0269621e-01  -1.5112496e+00
   5.1861013e-01  -1.5121723e+00
   5.1714402e-01  -1.5065428e+00
   5.1696006e-01  -1.5143390e+00
   5.2305486e-01  -1.5175372e+00
   5.2990446e-01  -1.5171540e+00
   5.2466433e-01  -1.5117381e+00
   5.3171863e-01  -1.5238093e+00
   5.3054969e-01  -1.5315879e+00
   5.2537239e-01  -1.5426925e+00
   5.2166918e-01  -1.5506802e+00
   5.2384804e-01  -1.5561624e+00
   5.3209441e-01  -1.5537203e+00
   5.3239338e-01  -1.5597435e+00
   5.3374329e-01  -1.5739139e+00
   5.3230737e-01  -1.5739026e+00
   5.2256751e-01  -1.5884093e+00
   5.3837078e-01  -1.5832463e+00
   5.3727131e-01  -1.5917395e+00
   5.2894205e-01  -1.5875428e+00
   5.3044140e-01  -1.6022814e+00
   5.3643436e-01  -1.6003000e+00
   5.2097862e-01  -1.5979683e+00
   5.3911169e-01  -1.6121423e+00
   5.2139320e-01  -1.6029693e+00
   5.2194665e-01  -1.6070168e+00
   5.3704642e-01  -1.6164941e+00
   5.4005902e-01  -1.6143323e+00
   5.2174384e-01  -1.6142646e+00
   5.2355517e-01  -1.6151894e+00
   5.4040330e-01  -1.6264387e+00
   5.3954657e-01  -1.6173877e+00
   5.3893725e-01  -1.6229316e+00
   5.2799334e-01  -1.6290577e+00
   5.2513873e-01  -1.6210921e+00
   5.3363680e-01  -1.6211348e+00
   5.3433007e-01  -1.6208775e+00
   5.3581177e-01  -1.6236994e+00
   5.2298937e-01  -1.6308242e+00
   5.3755201e-01  -1.6353940e+00
   5.3714194e-01  -1.6281294e+00
   5.3007162e-01  -1.6305949e+00
   5.3702177e-01  -1.6310226e+00
   5.2598590e-01  -1.6362671e+00
   5.2489646e-01  -1.6326836e+00
   5.3300601e-01  -1.6350857e+00
   5.2273236e-01  -1.6362590e+00
   5.3423956e-01  -1.6306475e+00
   5.4031001e-01  -1.6296438e+00
   5.4157454e-01  -1.6298535e+00
   5.2911341e-01  -1.6392944e+00
   5.2058200e-01  -1.6257452e+00
   5.3300578e-01  -1.6369687e+00
   5.2970678e-01  -1.6280176e+00
   5.2790364e-01  -1.6292946e+00
   5.3927871e-01  -1.6315396e+00
   5.4271325e-01  -1.6340842e+00
   5.2957770e-01  -1.6297422e+00
   5.3286722e-01  -1.6403815e+00
   5.4244922e-01  -1.6326084e+00
   5.1979256e-01  -1.6403833e+00
   5.2230252e-01  -1.6351126e+00
   5.3487485e-01  -1.6303091e+00
   5.1923403e-01  -1.6353266e+00
   5.3477902e-01  -1.6384889e+00
   5.3465226e-01  -1.6398747e+00
   5.3528782e-01  -1.6336480e+00
   5.2308168e-01  -1.6340119e+00
   5.2383245e-01  -1.6286939e+00
   5.3268144e-01  -1.6342778e+00
   5.1969067e-01  -1.6344566e+00
   5.3844633e-01  -1.6363908e+00
   5.2140271e-01  -1.6295698e+00
  -5.2696802e-01  -1.6345274e+00
  -5.1992200e-01  -1.6319493e+00
  -5.1852367e-01  -1.5401395e+00
  -5.3032165e-01  -1.4044996e+00
  -5.3251410e-01  -1.2434134e+00
  -5.1208374e-01  -1.0591968e+00
  -5.3268796e-01  -8.8602869e-01
  -5.2975873e-01  -7.1543928e-01
  -5.2586806e-01  -5.3788274e-01
  -5.1480434e-01  -3.8147114e-01
  -5.2153721e-01  -2.4094799e-01
  -5.3154971e-01  -1.0743298e-01
  -5.2742361e-01   2.2718425e-02
  -5.2674273e-01   1.2664155e-01
  -5.1166627e-01   2.3121082e-01
  -5.1305825e-01   3.2159022e-01
  -5.3170928e-01   4.1917760e-01
  -5.3258739e-01   4.8934322e-01
  -5.1417340e-01   5.6656035e-01
  -5.3472060e-01   6.3206471e-01
  -5.2932224e-01   6.9551639e-01
  -5.2538792e-01   7.4503674e-01
  -5.3428395e-01   7.9706897e-01
  -5.1654437e-01   8.4339529e-01
  -5.1510701e-01   8.8308527e-01
  -5.2910175e-01   9.1889365e-01
  -5.1678587e-01   9.5407258e-01
  -5.1713660e-01   9.7774330e-01
  -5.2990913e-01   1.0091868e+00
  -5.3498720e-01   1.0337222e+00
  -5.3265747e-01   1.0520051e+00
  -5.2011477e-01   1.0753848e+00
  -5.2310253e-01   1.0930594e+00
  -5.2889037e-01   1.1200134e+00
  -5.1549273e-01   1.1321332e+00
  -5.2144136e-01   1.1507963e+00
  -5.2346105e-01   1.1543474e+00
  -5.1786365e-01   1.1696143e+00
  -5.1581278e-01   1.1817096e+00
  -5.2004754e-01   1.1950108e+00
  -5.2800977e-01   1.1952244e+00
  -5.2280958e-01   1.2092927e+00
  -5.3145854e-01   1.2209114e+00
  -5.1225068e-01   1.2240930e+00
  -5.2077344e-01   1.2223647e+00
  -5.2497800e-01   1.2367919e+00
  -5.1509176e-01   1.2326217e+00
  -5.2829648e-01   1.2469189e+00
  -5.1742745e-01   1.2526760e+00
  -5.2076238e-01   1.2557995e+00
  -5.1288990e-01   1.2540267e+00
  -5.1978820e-01   1.2551739e+00
  -5.2521483e-01   1.2537630e+00
  -5.1356108e-01   1.2678931e+00
  -5.2994673e-01   1.2611604e+00
  -5.1399734e-01   1.2683028e+00
  -5.1769876e-01   1.2662350e+00
  -5.3351951e-01   1.2737321e+00
  -5.2712522e-01   1.2720088e+00
  -5.2337219e-01   1.2769735e+00
  -5.1839379e-01   1.2750577e+00
  -5.3493316e-01   1.2705339e+00
  -5.2408569e-01   1.2717850e+00
  -5.2755346e-01   1.2714945e+00
  -5.1321013e-01   1.2795246e+00
  -5.2533722e-01   1.2847168e+00
  -5.2751092e-01   1.2823433e+00
  -5.1490483e-01   1.2780276e+00
  -5.3400163e-01   1.2775532e+00
  -7.5623996e-01   1.2840756e+00
  -7.5322011e-01   1.2849582e+00
  -7.6351462e-01   1.3136493e+00
  -7.5481083e-01   1.3677102e+00
  -7.5011488e-01   1.4175408e+00
  -7.4799630e-01   1.4886825e+00
  -7.5758651e-01   1.5528255e+00
  -7.6283206e-01   1.6091365e+00
  -7.5425117e-01   1.6716268e+00
  -7.6624458e-01   1.7245781e+00
  -7.5380021e-01   1.7874268e+00
  -7.4306624e-01   1.8350534e+00
  -7.4345221e-01   1.8748417e+00
  -7.5805614e-01   1.9151749e+00
  -7.4372303e-01   1.9496575e+00
  -7.4647433e-01   1.9853330e+00
  -7.4701884e-01   2.0145922e+00
  -7.4916558e-01   2.0425673e+00
  -7.5736619e-01   2.0709519e+00
  -7.5140980e-01   2.0863071e+00
  -7.6205518e-01   2.1093562e+00
  -7.5769245e-01   2.1307823e+00
  -7.5650341e-01   2.1484252e+00
  -7.4512654e-01   2.1675867e+00
  -7.4972025e-01   2.1881962e+00
  -7.5917879e-01   2.1895008e+00
  -7.4409904e-01   2.2032444e+00
  -7.5963962e-01   2.2161601e+00
  -7.5187364e-01   2.2338786e+00
  -7.5291552e-01   2.2308571e+00
  -7.5750119e-01   2.2449782e+00
  -7.4972697e-01   2.2501725e+00
  -7.4990612e-01   2.2651154e+00
  -7.6458327e-01   2.2683409e+00
  -7.5992374e-01   2.2661338e+00
  -7.5498202e-01   2.2782799e+00
  -7.5585565e-01   2.2853102e+00
  -7.6644734e-01   2.2852594e+00
  -7.5938028e-01   2.2886868e+00
  -7.4881586e-01   2.2889360e+00
  -7.5452048e-01   2.2971607e+00
  -7.6541443e-01   2.3035498e+00
  -7.5692253e-01   2.3048640e+00
  -7.5854699e-01   2.3027689e+00
  -7.5380537e-01   2.3033102e+00
  -7.4998472e-01   2.3020082e+00
  -7.5972952e-01   2.3101557e+00
  -7.4890750e-01   2.3070072e+00
  -7.4786598e-01   2.3180954e+00
  -7.4589339e-01   2.3098514e+00
  -7.6456017e-01   2.3164734e+00
  -7.6531103e-01   2.3168655e+00
  -7.4315209e-01   2.3190971e+00
  -7.6013352e-01   2.3209057e+00
  -7.5817781e-01   2.3235315e+00
  -7.4821845e-01   2.3244126e+00
  -7.6223054e-01   2.3153783e+00
  -3.8442742e-01   2.3225317e+00
