  -5.9575533e-01   1.5863453e+00
  -5.3822646e-01   1.4340110e+00
  -8.0658179e-02   6.4256645e-02
   5.2068224e-01  -1.5350439e+00
   8.6353840e-01  -4.9209299e+00
   4.5976774e-02  -1.0037271e-01
  -2.4684384e-01   4.5537171e-01
   8.7908730e-01  -5.2517314e+00
  -3.6687119e-01   7.2381833e-01
   6.0575493e-01  -2.0897786e+00
   4.4264561e-01  -1.2184929e+00
   4.7802321e-01  -1.2912047e+00
   3.3052397e-01  -7.2615641e-01
  -5.0685925e-01   1.2789878e+00
  -4.6761186e-01   1.0469605e+00
   5.6692240e-01  -1.8546709e+00
  -3.8963651e-01   8.9842930e-01
  -1.6300788e-01   2.9875707e-01
   6.7347108e-01  -2.8245936e+00
  -8.3921579e-01   2.7636263e+00
  -7.1581538e-01   2.1983815e+00
  -6.0226906e-01   1.7086781e+00
  -7.8100239e-01   2.4650704e+00
  -8.5839007e-01   2.9248834e+00
   4.3142201e-01  -1.1730171e+00
  -6.3851325e-02   1.0903768e-01
   5.4348812e-02  -1.1951865e-01
  -6.6863989e-01   2.0073550e+00
  -6.6281774e-01   1.9195188e+00
  -7.9366142e-01   2.5062518e+00
   4.5692836e-01  -1.2088183e+00
   8.6351279e-01  -4.9221843e+00
   2.5016641e-01  -3.9992838e-01
  -5.0773053e-01   1.2767868e+00
  -7.0462556e-01   2.0512180e+00
  -1.0503641e-01   1.0309659e-01
   8.6486322e-01  -5.0740577e+00
  -5.9110551e-01   1.6102023e+00
   8.7229800e-01  -5.1011075e+00
   5.0781222e-01  -1.4928853e+00
   2.6194143e-01  -6.1503037e-01
  -4.3429074e-01   1.0198578e+00
  -3.4283424e-01   6.0952874e-01
   3.7259293e-01  -9.0305285e-01
   8.4945451e-01  -4.8725857e+00
   8.1011137e-01  -4.1787456e+00
   7.4395511e-01  -3.5121500e+00
  -7.3254536e-01   2.1795077e+00
   9.8987014e-02  -2.3749046e-01
   7.1587571e-01  -3.2345411e+00
  -4.6013660e-02   4.2328729e-03
  -5.5891718e-01   1.3787188e+00
  -2.5153713e-01   5.6841613e-01
   2.6198458e-01  -5.9055846e-01
  -1.8720513e-01   3.2959709e-01
  -5.9906857e-02   2.0997325e-04
  -8.1931976e-01   2.6670770e+00
   8.9575360e-01  -5.4110014e+00
   1.1612137e-01  -2.1351216e-01
   3.7971612e-02  -1.6204423e-01
  -5.3410201e-01   1.3233967e+00
  -2.1054849e-01   4.5270170e-01
  -7.9537504e-02   3.7092042e-02
   4.7161983e-01  -1.2630060e+00
   2.8672075e-01  -5.1662580e-01
   1.4808901e-01  -2.3379367e-01
  -7.6833329e-01   2.3102319e+00
   5.1502033e-01  -1.5276013e+00
   6.0602175e-01  -2.1147076e+00
   9.8652910e-01  -7.1125449e+00
   9.1060035e-01  -5.6535423e+00
  -7.5993296e-01   2.2862919e+00
  -9.8134873e-01   3.6256853e+00
  -2.0822830e-03  -8.4817981e-02
   8.6416511e-01  -5.0860510e+00
   2.0475105e-01  -3.8564367e-01
  -1.4316486e-01   3.3737876e-01
  -3.5092687e-01   7.1202645e-01
   2.4666694e-01  -5.7345211e-01
  -2.0484220e-01   3.1868946e-01
   9.3375392e-01  -6.2647489e+00
  -9.8019366e-01   3.5675859e+00
  -1.3281581e-01   2.1620361e-01
  -2.4882821e-01   4.3030371e-01
   6.1530587e-01  -2.1718933e+00
  -1.8286125e-01   3.2805621e-01
   7.7483501e-01  -3.7489741e+00
   2.3001121e-01  -3.7399416e-01
   5.4067108e-01  -1.6063508e+00
  -5.2536896e-01   1.3809823e+00
  -1.6650535e-01   2.9697221e-01
   4.5131060e-01  -1.2208120e+00
  -3.1121395e-01   6.4460474e-01
   3.3583306e-01  -7.5860773e-01
  -5.4403032e-01   1.3787303e+00
  -7.3656189e-01   2.3156825e+00
  -9.4770188e-01   3.4152396e+00
  -9.1731280e-01   3.2415587e+00
  -1.0446398e-01   2.8805105e-01
   4.3572084e-01  -1.2309131e+00
  -1.7003836e-01   3.5260235e-01
  -4.6028940e-01   1.1176615e+00
  -8.5052270e-01   2.8721845e+00
  -2.0028795e-01   4.4033569e-01
   9.1079337e-01  -5.7848488e+00
   2.5626876e-01  -4.0455052e-01
  -5.2242689e-01   1.2437571e+00
  -6.2243853e-01   1.5851432e+00
  -4.4645590e-01   9.2378615e-01
   4.2889514e-01  -1.0897621e+00
   6.6987060e-01  -2.6943821e+00
   4.2023783e-01  -1.0016272e+00
  -9.6111221e-01   3.5854666e+00
   2.1301970e-02  -9.7468295e-02
  -8.7499435e-01   3.0879787e+00
   7.7519698e-01  -3.7501599e+00
   9.9718513e-01  -7.3398133e+00
   8.7088759e-01  -5.1434857e+00
   2.9738793e-01  -5.6507387e-01
   1.2104019e-01  -1.5602111e-01
   7.4293544e-01  -3.5341169e+00
  -3.7848574e-01   8.4699814e-01
   4.2193848e-01  -1.0990952e+00
   8.3721079e-01  -4.5667850e+00
  -1.7869215e-01   2.9789634e-01
  -2.4669064e-01   5.1041962e-01
   1.7426286e-01  -3.9814358e-01
  -2.1004316e-01   3.7891114e-01
   8.9550920e-03   3.4094523e-02
   8.9836599e-01  -5.5662153e+00
   3.7036127e-01  -8.6144903e-01
   7.1344615e-01  -3.1794278e+00
  -2.1496274e-01   3.8251339e-01
   5.7519339e-01  -1.8625089e+00
   1.2366386e-01  -3.0818515e-01
   4.8675626e-02  -1.6370447e-01
  -6.2910801e-01   1.6625809e+00
  -7.5310398e-01   2.3286749e+00
   6.6313869e-01  -2.6979646e+00
  -4.6568828e-01   1.1449403e+00
  -3.2405588e-01   6.9630437e-01
   4.0904924e-01  -9.7736438e-01
  -2.9060671e-01   5.3576760e-01
  -3.2767173e-01   5.8410701e-01
  -3.8884500e-01   8.0641943e-01
   8.3488253e-02  -2.2594177e-01
  -9.3245870e-01   3.4137275e+00
  -1.3762931e-01   2.2988059e-01
   6.0452732e-01  -2.2388927e+00
  -2.7304720e-01   4.7751182e-01
   8.8041615e-01  -5.1784660e+00
   1.0751716e-01  -2.4461091e-01
  -9.9827235e-01   3.7046753e+00
   9.6612696e-01  -6.6802684e+00
   1.1014679e-02   8.0646172e-02
   1.7303348e-01  -3.4840653e-01
  -4.5367009e-03   7.4939893e-02
   3.3031482e-01  -7.9495153e-01
  -7.0211562e-01   1.9722637e+00
  -9.6195456e-01   3.5917755e+00
   1.5685677e-01  -2.7027667e-01
  -7.8200773e-02   6.6506750e-02
   7.3769243e-01  -3.2634032e+00
   5.5939914e-01  -1.8050287e+00
  -9.2409428e-01   3.2152751e+00
   6.2530110e-01  -2.2787224e+00
   1.0010344e-01  -1.1011229e-01
  -1.8365068e-01   2.4493415e-01
  -7.9055947e-01   2.5556963e+00
  -4.6061725e-01   1.1471667e+00
   8.8755202e-01  -5.4314040e+00
  -8.1901195e-01   2.6851257e+00
   3.8057983e-01  -9.9408062e-01
  -1.1803757e-01   1.4334140e-01
  -3.6547427e-02   9.4171270e-02
  -6.1114775e-01   1.6552283e+00
   5.9568546e-01  -1.9736234e+00
  -2.3421422e-02  -2.7517902e-02
  -2.7595243e-01   6.3148659e-01
   4.9542109e-01  -1.3204257e+00
   1.1799943e-01  -2.3616482e-01
  -2.6639023e-01   3.9962505e-01
  -1.3216234e-01   1.3354094e-01
  -1.7810919e-01   2.6696682e-01
   6.5025265e-01  -2.4413171e+00
  -5.9697274e-01   1.6794320e+00
  -7.6335361e-01   2.4680400e+00
   1.8311409e-01  -2.5892326e-01
   8.2230294e-01  -4.3728011e+00
   1.0937031e-01  -1.6532286e-01
   9.2369580e-01  -5.9918086e+00
   1.3509853e-01  -2.6682293e-01
  -7.4203121e-01   2.3453248e+00
   3.5709861e-01  -9.2359611e-01
  -7.0434536e-01   2.0359469e+00
   2.4749265e-01  -4.3831661e-01
  -9.2804997e-01   3.3717970e+00
  -2.9138859e-02   3.6920837e-02
   5.5721277e-01  -1.8994109e+00
   2.4083375e-01  -4.1983883e-01
